time	I(L1)
0.000000000000000e+000	0.000000e+000
3.652000812008711e-011	-5.526680e-010
7.304001624017423e-011	-2.207816e-009
1.095600243602614e-010	-4.965443e-009
1.460800324803485e-010	-8.825550e-009
1.826000406004356e-010	-1.378814e-008
2.191200487205227e-010	-1.985320e-008
2.556400568406097e-010	-2.702075e-008
5.084798861832900e-010	-8.657241e-008
6.075967002638440e-010	-1.245647e-007
7.208730592130485e-010	-1.747243e-007
7.734472821015910e-010	-2.008753e-007
8.785957278786761e-010	-2.600540e-007
1.000000000000000e-009	-3.340294e-007
4.556468586671461e-007	-2.999700e-004
9.102937173342921e-007	-5.938391e-004
1.364940576001438e-006	-8.819413e-004
1.819587434668584e-006	-1.164277e-003
2.274234293335730e-006	-1.440845e-003
2.728881152002877e-006	-1.711646e-003
3.183528010670022e-006	-1.976681e-003
5.554925740946906e-006	-3.278646e-003
8.810134074280236e-006	-4.850077e-003
1.206534240761357e-005	-6.170739e-003
1.532055074094690e-005	-7.225431e-003
1.857575907428023e-005	-8.021906e-003
2.183096740761356e-005	-8.572225e-003
2.508617574094689e-005	-8.892057e-003
2.834138407428022e-005	-8.999964e-003
3.159659240761355e-005	-8.916732e-003
3.485180074094687e-005	-8.664703e-003
3.810700907428020e-005	-8.267172e-003
4.136221740761353e-005	-7.747812e-003
4.461742574094685e-005	-7.130163e-003
4.787263407428018e-005	-6.437178e-003
5.112784240761351e-005	-5.690829e-003
5.438305074094684e-005	-4.911773e-003
5.763825907428016e-005	-4.119085e-003
6.089346740761349e-005	-3.330045e-003
6.414867574094682e-005	-2.559994e-003
6.740388407428015e-005	-1.822231e-003
7.065909240761348e-005	-1.127973e-003
7.391430074094681e-005	-4.863563e-004
7.716950907428013e-005	9.552250e-005
8.042471740761346e-005	6.125253e-004
8.367992574094679e-005	1.061364e-003
8.693513407428011e-005	1.440465e-003
9.019034240761344e-005	1.749815e-003
9.344555074094677e-005	1.990796e-003
9.670075907428010e-005	2.166001e-003
9.995596740761342e-005	2.279053e-003
1.032111757409468e-004	2.334427e-003
1.064663840742801e-004	2.337258e-003
1.097215924076134e-004	2.293177e-003
1.129768007409467e-004	2.208140e-003
1.162320090742801e-004	2.088274e-003
1.194872174076134e-004	1.939739e-003
1.227424257409467e-004	1.768600e-003
1.259976340742800e-004	1.580715e-003
1.292528424076134e-004	1.381643e-003
1.325080507409467e-004	1.176564e-003
1.357632590742800e-004	9.702184e-004
1.390184674076134e-004	7.668568e-004
1.422736757409467e-004	5.702116e-004
1.455288840742800e-004	3.834773e-004
1.487840924076133e-004	2.093048e-004
1.520393007409467e-004	4.980779e-005
1.552945090742800e-004	-9.342156e-005
1.585497174076133e-004	-2.192877e-004
1.618049257409466e-004	-3.271598e-004
1.650601340742800e-004	-4.168342e-004
1.683153424076133e-004	-4.884922e-004
1.715705507409466e-004	-5.426546e-004
1.748257590742800e-004	-5.801347e-004
1.780809674076133e-004	-6.019907e-004
1.813361757409466e-004	-6.094775e-004
1.845913840742799e-004	-6.040008e-004
1.878465924076133e-004	-5.870728e-004
1.911018007409466e-004	-5.602704e-004
1.943570090742799e-004	-5.251965e-004
1.976122174076132e-004	-4.834457e-004
2.008674257409466e-004	-4.365732e-004
2.041226340742799e-004	-3.860678e-004
2.073778424076132e-004	-3.333297e-004
2.106330507409466e-004	-2.796524e-004
2.138882590742799e-004	-2.262076e-004
2.171434674076132e-004	-1.740360e-004
2.203986757409465e-004	-1.240401e-004
2.236538840742799e-004	-7.698141e-005
2.269090924076132e-004	-3.348040e-005
2.301643007409465e-004	5.980520e-006
2.334195090742798e-004	4.105170e-005
2.366747174076132e-004	7.150887e-005
2.399299257409465e-004	9.724402e-005
2.431851340742798e-004	1.182550e-004
2.464403424076132e-004	1.346341e-004
2.496955507409465e-004	1.465561e-004
2.529507590742799e-004	1.542654e-004
2.562059674076132e-004	1.580643e-004
2.594611757409466e-004	1.583002e-004
2.627163840742799e-004	1.553541e-004
2.659715924076133e-004	1.496289e-004
2.692268007409467e-004	1.415397e-004
2.724820090742800e-004	1.315036e-004
2.757372174076134e-004	1.199313e-004
2.789924257409467e-004	1.072199e-004
2.822476340742801e-004	9.374617e-005
2.855028424076134e-004	7.986122e-005
2.887580507409468e-004	6.588646e-005
2.920132590742801e-004	5.211024e-005
2.952684674076135e-004	3.878581e-005
2.985236757409468e-004	2.612994e-005
3.017788840742802e-004	1.432267e-005
3.050340924076136e-004	3.507585e-006
3.082893007409469e-004	-6.207025e-006
3.115445090742803e-004	-1.474654e-005
3.147997174076136e-004	-2.206786e-005
3.180549257409470e-004	-2.815682e-005
3.213101340742803e-004	-3.302536e-005
3.245653424076137e-004	-3.670849e-005
3.278205507409470e-004	-3.926106e-005
3.310757590742804e-004	-4.075450e-005
3.343309674076137e-004	-4.127366e-005
3.375861757409471e-004	-4.091362e-005
3.408413840742805e-004	-3.977671e-005
3.440965924076138e-004	-3.796969e-005
3.473518007409472e-004	-3.560109e-005
3.506070090742805e-004	-3.277892e-005
3.538622174076139e-004	-2.960854e-005
3.571174257409472e-004	-2.619086e-005
3.603726340742806e-004	-2.262079e-005
3.636278424076139e-004	-1.898600e-005
3.668830507409473e-004	-1.536599e-005
3.701382590742806e-004	-1.183134e-005
3.733934674076140e-004	-8.443281e-006
3.766486757409474e-004	-5.253522e-006
3.799038840742807e-004	-2.304204e-006
3.831590924076141e-004	3.718835e-007
3.864143007409474e-004	2.750947e-006
3.896695090742808e-004	4.817693e-006
3.929247174076141e-004	6.564707e-006
3.961799257409475e-004	7.991755e-006
3.994351340742808e-004	9.105010e-006
4.026903424076142e-004	9.916229e-006
4.059455507409475e-004	1.044192e-005
4.092007590742809e-004	1.070251e-005
4.124559674076142e-004	1.072149e-005
4.157111757409476e-004	1.052462e-005
4.189663840742810e-004	1.013919e-005
4.222215924076143e-004	9.593296e-006
4.254768007409477e-004	8.915184e-006
4.287320090742810e-004	8.132685e-006
4.319872174076144e-004	7.272700e-006
4.352424257409477e-004	6.360763e-006
4.384976340742811e-004	5.420680e-006
4.417528424076144e-004	4.474244e-006
4.450080507409478e-004	3.541013e-006
4.482632590742811e-004	2.638168e-006
4.515184674076145e-004	1.780424e-006
4.547736757409479e-004	9.800026e-007
4.580288840742812e-004	2.466620e-007
4.612840924076146e-004	-4.122345e-007
4.645393007409479e-004	-9.916047e-007
4.677945090742813e-004	-1.488502e-006
4.710497174076146e-004	-1.901944e-006
4.743049257409480e-004	-2.232717e-006
4.775601340742813e-004	-2.483172e-006
4.808153424076147e-004	-2.657008e-006
4.840705507409480e-004	-2.759049e-006
4.873257590742814e-004	-2.795031e-006
4.905809674076148e-004	-2.771385e-006
4.938361757409481e-004	-2.695036e-006
4.970913840742814e-004	-2.573209e-006
5.003465924076147e-004	-2.413255e-006
5.036018007409480e-004	-2.222491e-006
5.068570090742813e-004	-2.008054e-006
5.133674257409479e-004	-1.535109e-006
5.198778424076145e-004	-1.043783e-006
5.231330507409478e-004	-8.043090e-007
5.263882590742811e-004	-5.747126e-007
5.296434674076144e-004	-3.585033e-007
5.328986757409477e-004	-1.585436e-007
5.361538840742810e-004	2.293772e-008
5.394090924076143e-004	1.843216e-007
5.426643007409476e-004	3.245650e-007
5.459195090742809e-004	4.431592e-007
5.491747174076142e-004	5.400823e-007
5.524299257409475e-004	6.157469e-007
5.556851340742808e-004	6.709448e-007
5.589403424076141e-004	7.067903e-007
5.621955507409474e-004	7.246629e-007
5.654507590742807e-004	7.261513e-007
5.687059674076140e-004	7.129988e-007
5.719611757409473e-004	6.870522e-007
5.752163840742806e-004	6.502136e-007
5.784715924076139e-004	6.043962e-007
5.817268007409472e-004	5.514852e-007
5.882372174076138e-004	4.315816e-007
5.980028424076137e-004	2.406177e-007
6.012580507409470e-004	1.794424e-007
6.045132590742803e-004	1.213094e-007
6.077684674076136e-004	6.704861e-008
6.110236757409469e-004	1.732300e-008
6.142788840742802e-004	-2.736669e-008
6.175340924076135e-004	-6.667434e-008
6.207893007409468e-004	-1.003986e-007
6.240445090742801e-004	-1.284712e-007
6.272997174076134e-004	-1.509440e-007
6.305549257409467e-004	-1.679749e-007
6.338101340742800e-004	-1.798132e-007
6.370653424076133e-004	-1.867848e-007
6.403205507409466e-004	-1.892774e-007
6.435757590742799e-004	-1.877260e-007
6.468309674076132e-004	-1.825991e-007
6.533413840742798e-004	-1.635844e-007
6.598518007409464e-004	-1.361859e-007
6.631070090742797e-004	-1.196815e-007
6.663622174076130e-004	-1.033584e-007
6.696174257409463e-004	-8.721662e-008
6.728726340742796e-004	-7.125624e-008
6.761278424076129e-004	-5.547721e-008
6.793830507409462e-004	-3.987955e-008
6.826382590742795e-004	-2.446323e-008
6.891486757409461e-004	1.400989e-009
6.956590924076127e-004	2.186490e-008
7.021695090742793e-004	3.649832e-008
7.086799257409459e-004	4.539673e-008
7.151903424076125e-004	4.906644e-008
7.249559674076124e-004	4.655591e-008
7.300712947885647e-004	4.135279e-008
7.351866221695171e-004	3.588551e-008
7.403019495504694e-004	3.015408e-008
7.454172769314217e-004	2.415849e-008
7.505326043123741e-004	1.789876e-008
7.556479316933264e-004	1.137487e-008
7.607632590742787e-004	4.586828e-009
7.686687650266596e-004	-2.395899e-009
7.765742709790404e-004	-7.658854e-009
7.844797769314213e-004	-1.120204e-008
7.923852828838022e-004	-1.302545e-008
8.002907888361831e-004	-1.312910e-008
8.081962947885639e-004	-1.151297e-008
8.161018007409448e-004	-8.177071e-009
8.333343333333330e-004	-2.345857e-009
8.333344223235100e-004	1.556084e-009
8.333345113136868e-004	1.107673e-008
8.333346003038638e-004	2.621607e-008
8.333346892940407e-004	4.697412e-008
8.333347782842177e-004	7.335088e-008
8.333348672743946e-004	1.053463e-007
8.333349562645716e-004	1.429605e-007
8.333353333333330e-004	3.316511e-007
8.336883504944657e-004	2.338818e-004
8.340413676555982e-004	4.636463e-004
8.343943848167309e-004	6.896252e-004
8.347474019778636e-004	9.118186e-004
8.351004191389963e-004	1.130226e-003
8.354534363001288e-004	1.344848e-003
8.358064534612615e-004	1.555685e-003
8.382776112960662e-004	2.947917e-003
8.415328196293995e-004	4.571917e-003
8.447880279627328e-004	5.943101e-003
8.480432362960661e-004	7.047386e-003
8.512984446293994e-004	7.891637e-003
8.545536529627327e-004	8.487161e-003
8.578088612960660e-004	8.849001e-003
8.610640696293993e-004	8.995228e-003
8.643192779627326e-004	8.946262e-003
8.675744862960659e-004	8.724205e-003
8.708296946293992e-004	8.352214e-003
8.740849029627325e-004	7.853935e-003
8.773401112960658e-004	7.252969e-003
8.805953196293991e-004	6.572413e-003
8.838505279627324e-004	5.834451e-003
8.871057362960657e-004	5.060012e-003
8.903609446293990e-004	4.268483e-003
8.936161529627323e-004	3.477499e-003
8.968713612960656e-004	2.702774e-003
9.001265696293989e-004	1.957995e-003
9.033817779627322e-004	1.254774e-003
9.066369862960655e-004	6.026354e-004
9.098921946293988e-004	9.054759e-006
9.131474029627321e-004	-5.204687e-004
9.164026112960654e-004	-9.823085e-004
9.196578196293987e-004	-1.374580e-003
9.229130279627320e-004	-1.696990e-003
9.261682362960653e-004	-1.950670e-003
9.294234446293986e-004	-2.138000e-003
9.326786529627319e-004	-2.262424e-003
9.359338612960652e-004	-2.328269e-003
9.391890696293985e-004	-2.340562e-003
9.424442779627318e-004	-2.304853e-003
9.456994862960651e-004	-2.227049e-003
9.489546946293984e-004	-2.113256e-003
9.522099029627317e-004	-1.969640e-003
9.554651112960650e-004	-1.802290e-003
9.587203196293983e-004	-1.617112e-003
9.619755279627316e-004	-1.419729e-003
9.652307362960649e-004	-1.215397e-003
9.684859446293982e-004	-1.008942e-003
9.717411529627315e-004	-8.047115e-004
9.749963612960648e-004	-6.065365e-004
9.782515696293982e-004	-4.177136e-004
9.815067779627316e-004	-2.409959e-004
9.847619862960650e-004	-7.859714e-005
9.880171946293984e-004	6.779396e-005
9.912724029627318e-004	1.969907e-004
9.945276112960652e-004	3.082776e-004
9.977828196293987e-004	4.013738e-004
1.001038027962732e-003	4.763915e-004
1.004293236296066e-003	5.337913e-004
1.007548444629399e-003	5.743353e-004
1.010803652962732e-003	5.990391e-004
1.014058861296066e-003	6.091245e-004
1.017314069629399e-003	6.059722e-004
1.020569277962733e-003	5.910777e-004
1.023824486296066e-003	5.660089e-004
1.027079694629399e-003	5.323665e-004
1.030334902962733e-003	4.917494e-004
1.033590111296066e-003	4.457222e-004
1.036845319629400e-003	3.957883e-004
1.040100527962733e-003	3.433661e-004
1.043355736296066e-003	2.897701e-004
1.046610944629400e-003	2.361963e-004
1.049866152962733e-003	1.837104e-004
1.053121361296067e-003	1.332414e-004
1.056376569629400e-003	8.557719e-005
1.059631777962733e-003	4.136484e-005
1.062886986296067e-003	1.112343e-006
1.066142194629400e-003	-3.480618e-005
1.069397402962734e-003	-6.614353e-005
1.072652611296067e-003	-9.277060e-005
1.075907819629401e-003	-1.146662e-004
1.079163027962734e-003	-1.319057e-004
1.082418236296067e-003	-1.446494e-004
1.085673444629401e-003	-1.531295e-004
1.088928652962734e-003	-1.576385e-004
1.092183861296068e-003	-1.585161e-004
1.095439069629401e-003	-1.561379e-004
1.098694277962734e-003	-1.509036e-004
1.101949486296068e-003	-1.432267e-004
1.105204694629401e-003	-1.335246e-004
1.108459902962735e-003	-1.222099e-004
1.111715111296068e-003	-1.096828e-004
1.114970319629401e-003	-9.632430e-005
1.118225527962735e-003	-8.249071e-005
1.121480736296068e-003	-6.850930e-005
1.124735944629402e-003	-5.467487e-005
1.127991152962735e-003	-4.124738e-005
1.131246361296068e-003	-2.845053e-005
1.134501569629402e-003	-1.647125e-005
1.137756777962735e-003	-5.459930e-006
1.141011986296069e-003	4.468608e-006
1.144267194629402e-003	1.323357e-005
1.147522402962735e-003	2.078610e-005
1.150777611296069e-003	2.710680e-005
1.154032819629402e-003	3.220296e-005
1.157288027962736e-003	3.610546e-005
1.160543236296069e-003	3.886568e-005
1.163798444629403e-003	4.055219e-005
1.167053652962736e-003	4.124756e-005
1.170308861296069e-003	4.104519e-005
1.173564069629403e-003	4.004626e-005
1.176819277962736e-003	3.835689e-005
1.180074486296070e-003	3.608550e-005
1.183329694629403e-003	3.334037e-005
1.186584902962736e-003	3.022749e-005
1.189840111296070e-003	2.684875e-005
1.193095319629403e-003	2.330028e-005
1.196350527962737e-003	1.967121e-005
1.199605736296070e-003	1.604264e-005
1.202860944629403e-003	1.248685e-005
1.206116152962737e-003	9.066879e-006
1.209371361296070e-003	5.836224e-006
1.212626569629404e-003	2.838816e-006
1.215881777962737e-003	1.091822e-007
1.219136986296070e-003	-2.327226e-006
1.222392194629404e-003	-4.453558e-006
1.225647402962737e-003	-6.260972e-006
1.228902611296071e-003	-7.747940e-006
1.232157819629404e-003	-8.919491e-006
1.235413027962738e-003	-9.786398e-006
1.238668236296071e-003	-1.036434e-005
1.241923444629404e-003	-1.067307e-005
1.245178652962738e-003	-1.073557e-005
1.248433861296071e-003	-1.057723e-005
1.251689069629405e-003	-1.022511e-005
1.254944277962738e-003	-9.707207e-006
1.258199486296071e-003	-9.051786e-006
1.261454694629405e-003	-8.286799e-006
1.264709902962738e-003	-7.439357e-006
1.267965111296072e-003	-6.535283e-006
1.271220319629405e-003	-5.598733e-006
1.274475527962738e-003	-4.651895e-006
1.277730736296072e-003	-3.714765e-006
1.280985944629405e-003	-2.804977e-006
1.284241152962739e-003	-1.937716e-006
1.287496361296072e-003	-1.125671e-006
1.290751569629405e-003	-3.790594e-007
1.294006777962739e-003	2.943116e-007
1.297261986296072e-003	8.889412e-007
1.300517194629406e-003	1.401494e-006
1.303772402962739e-003	1.830631e-006
1.307027611296073e-003	2.176824e-006
1.310282819629406e-003	2.442144e-006
1.313538027962739e-003	2.630055e-006
1.316793236296073e-003	2.745185e-006
1.320048444629406e-003	2.793116e-006
1.323303652962740e-003	2.780163e-006
1.326558861296073e-003	2.713175e-006
1.329814069629406e-003	2.599335e-006
1.333069277962740e-003	2.445983e-006
1.336324486296073e-003	2.260454e-006
1.339579694629407e-003	2.049928e-006
1.342834902962740e-003	1.821308e-006
1.349345319629407e-003	1.335384e-006
1.355855736296074e-003	8.487248e-007
1.359110944629407e-003	6.169757e-007
1.362366152962740e-003	3.980041e-007
1.365621361296074e-003	1.947933e-007
1.368876569629407e-003	9.689911e-009
1.372131777962741e-003	-1.555747e-007
1.375386986296074e-003	-2.998520e-007
1.378642194629407e-003	-4.225365e-007
1.381897402962741e-003	-5.235183e-007
1.385152611296074e-003	-6.031327e-007
1.388407819629408e-003	-6.621045e-007
1.391663027962741e-003	-7.014917e-007
1.394918236296075e-003	-7.226284e-007
1.398173444629408e-003	-7.270683e-007
1.401428652962741e-003	-7.165295e-007
1.404683861296075e-003	-6.928435e-007
1.407939069629408e-003	-6.579052e-007
1.411194277962742e-003	-6.136291e-007
1.414449486296075e-003	-5.619086e-007
1.420959902962742e-003	-4.433953e-007
1.423285051772266e-003	-3.971057e-007
1.425610200581790e-003	-3.514162e-007
1.427935349391313e-003	-3.063269e-007
1.430260498200837e-003	-2.618376e-007
1.432585647010361e-003	-2.179485e-007
1.434910795819885e-003	-1.746596e-007
1.437235944629409e-003	-1.319708e-007
1.440491152962742e-003	-7.692449e-008
1.443746361296076e-003	-2.630145e-008
1.447001569629409e-003	1.936759e-008
1.450256777962742e-003	5.970810e-008
1.453511986296076e-003	9.449234e-008
1.456767194629409e-003	1.236280e-007
1.460022402962743e-003	1.471454e-007
1.463277611296076e-003	1.651835e-007
1.466532819629410e-003	1.779758e-007
1.469788027962743e-003	1.858348e-007
1.473043236296076e-003	1.891376e-007
1.476298444629410e-003	1.883116e-007
1.479553652962743e-003	1.838199e-007
1.486064069629410e-003	1.657956e-007
1.492574486296077e-003	1.390187e-007
1.495829694629410e-003	1.226762e-007
1.499084902962744e-003	1.064537e-007
1.502340111296077e-003	9.035121e-008
1.505595319629410e-003	7.436867e-008
1.508850527962744e-003	5.850611e-008
1.512105736296077e-003	4.276354e-008
1.515360944629411e-003	2.714095e-008
1.521871361296077e-003	8.119277e-010
1.528381777962744e-003	-2.018770e-008
1.534892194629411e-003	-3.537303e-008
1.541402611296078e-003	-4.479480e-008
1.547913027962745e-003	-4.892591e-008
1.557678652962745e-003	-4.694625e-008
1.562793980343697e-003	-4.191986e-008
1.567909307724650e-003	-3.658371e-008
1.573024635105602e-003	-3.093778e-008
1.578139962486555e-003	-2.498208e-008
1.583255289867507e-003	-1.871662e-008
1.588370617248460e-003	-1.214138e-008
1.593485944629412e-003	-5.256382e-009
1.601391450581794e-003	1.916182e-009
1.609296956534175e-003	7.347292e-009
1.617202462486556e-003	1.103695e-008
1.625107968438937e-003	1.298515e-008
1.633013474391318e-003	1.319190e-008
1.640918980343699e-003	1.165719e-008
1.648824486296080e-003	8.381027e-009
1.666666666666670e-003	2.346509e-009
1.666666757385407e-003	-1.840236e-009
1.666666848104145e-003	-1.183894e-008
1.666666938822882e-003	-2.764961e-008
1.666667029541619e-003	-4.927224e-008
1.666667120260356e-003	-7.670682e-008
1.666667210979094e-003	-1.099534e-007
1.666667301697831e-003	-1.490119e-007
1.666667666666670e-003	-3.316504e-007
1.667009355707587e-003	-2.262967e-004
1.667351044748504e-003	-4.488795e-004
1.667692733789420e-003	-6.680800e-004
1.668034422830337e-003	-8.838983e-004
1.668376111871254e-003	-1.096334e-003
1.668717800912171e-003	-1.305388e-003
1.669059489953088e-003	-1.511060e-003
1.671133466727115e-003	-2.697850e-003
1.674057002045661e-003	-4.196678e-003
1.677312210378995e-003	-5.627694e-003
1.680567418712328e-003	-6.797700e-003
1.683822627045662e-003	-7.705539e-003
1.687077835378995e-003	-8.361479e-003
1.690333043712328e-003	-8.779702e-003
1.693588252045662e-003	-8.977594e-003
1.696843460378995e-003	-8.975054e-003
1.700098668712329e-003	-8.793822e-003
1.703353877045662e-003	-8.456852e-003
1.706609085378995e-003	-7.987716e-003
1.709864293712329e-003	-7.410073e-003
1.713119502045662e-003	-6.747182e-003
1.716374710378996e-003	-6.021489e-003
1.719629918712329e-003	-5.254260e-003
1.722885127045662e-003	-4.465289e-003
1.726140335378996e-003	-3.672662e-003
1.729395543712329e-003	-2.892579e-003
1.732650752045663e-003	-2.139239e-003
1.735905960378996e-003	-1.424768e-003
1.739161168712329e-003	-7.592068e-004
1.742416377045663e-003	-1.505344e-004
1.745671585378996e-003	3.952686e-004
1.748926793712330e-003	8.741228e-004
1.752182002045663e-003	1.283725e-003
1.755437210378996e-003	1.623401e-003
1.758692418712330e-003	1.893946e-003
1.761947627045663e-003	2.097447e-003
1.765202835378997e-003	2.237101e-003
1.768458043712330e-003	2.317033e-003
1.771713252045664e-003	2.342112e-003
1.774968460378997e-003	2.317774e-003
1.778223668712330e-003	2.249853e-003
1.781478877045664e-003	2.144420e-003
1.784734085378997e-003	2.007636e-003
1.787989293712331e-003	1.845622e-003
1.791244502045664e-003	1.664339e-003
1.794499710378997e-003	1.469487e-003
1.797754918712331e-003	1.266419e-003
1.801010127045664e-003	1.060075e-003
1.804265335378998e-003	8.549239e-004
1.807520543712331e-003	6.549265e-004
1.810775752045664e-003	4.635134e-004
1.814030960378998e-003	2.835726e-004
1.817286168712331e-003	1.174505e-004
1.820541377045665e-003	-3.303573e-005
1.823796585378998e-003	-1.665775e-004
1.827051793712331e-003	-2.823457e-004
1.830307002045665e-003	-3.799552e-004
1.833562210378998e-003	-4.594250e-004
1.836817418712332e-003	-5.211334e-004
1.840072627045665e-003	-5.657721e-004
1.843327835378999e-003	-5.942982e-004
1.846583043712332e-003	-6.078867e-004
1.849838252045665e-003	-6.078832e-004
1.853093460378999e-003	-5.957586e-004
1.856348668712332e-003	-5.730665e-004
1.859603877045666e-003	-5.414030e-004
1.862859085378999e-003	-5.023704e-004
1.866114293712332e-003	-4.575445e-004
1.869369502045666e-003	-4.084460e-004
1.872624710378999e-003	-3.565165e-004
1.875879918712333e-003	-3.030977e-004
1.879135127045666e-003	-2.494161e-004
1.882390335378999e-003	-1.965705e-004
1.885645543712333e-003	-1.455242e-004
1.888900752045666e-003	-9.710032e-005
1.892155960379000e-003	-5.198071e-005
1.895411168712333e-003	-1.070746e-005
1.898666377045666e-003	2.631268e-005
1.901921585379000e-003	5.880179e-005
1.905176793712333e-003	8.660238e-005
1.908432002045667e-003	1.096675e-004
1.911687210379000e-003	1.280497e-004
1.914942418712334e-003	1.418891e-004
1.918197627045667e-003	1.514016e-004
1.921452835379000e-003	1.568656e-004
1.924708043712334e-003	1.586103e-004
1.927963252045667e-003	1.570035e-004
1.931218460379001e-003	1.524398e-004
1.934473668712334e-003	1.453304e-004
1.937728877045667e-003	1.360923e-004
1.940984085379001e-003	1.251403e-004
1.944239293712334e-003	1.128782e-004
1.947494502045668e-003	9.969226e-005
1.950749710379001e-003	8.594541e-005
1.954004918712334e-003	7.197248e-005
1.957260127045668e-003	5.807654e-005
1.960515335379001e-003	4.452636e-005
1.963770543712334e-003	3.155473e-005
1.967025752045668e-003	1.935768e-005
1.970280960379001e-003	8.094600e-006
1.973536168712335e-003	-2.110988e-006
1.976791377045668e-003	-1.117003e-005
1.980046585379001e-003	-1.902596e-005
1.983301793712335e-003	-2.565233e-005
1.986557002045668e-003	-3.105007e-005
1.989812210379002e-003	-3.524452e-005
1.993067418712335e-003	-3.828225e-005
1.996322627045669e-003	-4.022787e-005
1.999577835379002e-003	-4.116078e-005
2.002833043712335e-003	-4.117197e-005
2.006088252045669e-003	-4.036097e-005
2.009343460379002e-003	-3.883291e-005
2.012598668712336e-003	-3.669588e-005
2.015853877045669e-003	-3.405840e-005
2.019109085379002e-003	-3.102721e-005
2.022364293712336e-003	-2.770536e-005
2.025619502045669e-003	-2.419055e-005
2.028874710379003e-003	-2.057374e-005
2.032129918712336e-003	-1.693810e-005
2.035385127045669e-003	-1.335816e-005
2.038640335379003e-003	-9.899280e-006
2.041895543712336e-003	-6.617324e-006
2.045150752045670e-003	-3.558592e-006
2.048405960379003e-003	-7.599184e-007
2.051661168712336e-003	1.751034e-006
2.054916377045670e-003	3.955333e-006
2.058171585379003e-003	5.842211e-006
2.061426793712337e-003	7.408394e-006
2.064682002045670e-003	8.657357e-006
2.067937210379003e-003	9.598526e-006
2.071192418712337e-003	1.024644e-005
2.074447627045670e-003	1.061992e-005
2.077702835379004e-003	1.074122e-005
2.080958043712337e-003	1.063521e-005
2.084213252045671e-003	1.032860e-005
2.087468460379004e-003	9.849213e-006
2.090723668712337e-003	9.225310e-006
2.093978877045671e-003	8.484971e-006
2.097234085379004e-003	7.655557e-006
2.100489293712338e-003	6.763250e-006
2.103744502045671e-003	5.832647e-006
2.106999710379004e-003	4.886449e-006
2.110254918712338e-003	3.945212e-006
2.113510127045671e-003	3.027166e-006
2.116765335379005e-003	2.148110e-006
2.120020543712338e-003	1.321352e-006
2.123275752045671e-003	5.577175e-007
2.126530960379005e-003	-1.343968e-007
2.129786168712338e-003	-7.489302e-007
2.133041377045672e-003	-1.282024e-006
2.136296585379005e-003	-1.731863e-006
2.139551793712338e-003	-2.098485e-006
2.142807002045672e-003	-2.383587e-006
2.146062210379005e-003	-2.590305e-006
2.149317418712339e-003	-2.723001e-006
2.152572627045672e-003	-2.787038e-006
2.155827835379006e-003	-2.788571e-006
2.159083043712339e-003	-2.734333e-006
2.162338252045672e-003	-2.631441e-006
2.165593460379006e-003	-2.487212e-006
2.168848668712339e-003	-2.308995e-006
2.172103877045673e-003	-2.104023e-006
2.175359085379006e-003	-1.879279e-006
2.181869502045673e-003	-1.396502e-006
2.188379918712340e-003	-9.077592e-007
2.191635127045673e-003	-6.733870e-007
2.194890335379006e-003	-4.509512e-007
2.198145543712340e-003	-2.435954e-007
2.201400752045673e-003	-5.382236e-008
2.204655960379007e-003	1.164865e-007
2.207911168712340e-003	2.660417e-007
2.211166377045673e-003	3.941069e-007
2.214421585379007e-003	5.004542e-007
2.217676793712340e-003	5.853133e-007
2.220932002045674e-003	6.493175e-007
2.224187210379007e-003	6.934475e-007
2.227442418712341e-003	7.189741e-007
2.230697627045674e-003	7.274017e-007
2.233952835379007e-003	7.204125e-007
2.237208043712341e-003	6.998144e-007
2.240463252045674e-003	6.674909e-007
2.243718460379008e-003	6.253554e-007
2.246973668712341e-003	5.753101e-007
2.253484085379008e-003	4.588256e-007
2.255809234188532e-003	4.128297e-007
2.258134382998055e-003	3.672802e-007
2.260459531807579e-003	3.221773e-007
2.262784680617103e-003	2.775209e-007
2.265109829426627e-003	2.333110e-007
2.267434978236151e-003	1.895476e-007
2.269760127045675e-003	1.462307e-007
2.273015335379008e-003	9.019035e-008
2.276270543712342e-003	3.841629e-008
2.279525752045675e-003	-8.520798e-009
2.282780960379008e-003	-5.020841e-008
2.286036168712342e-003	-8.638339e-008
2.289291377045675e-003	-1.169210e-007
2.292546585379009e-003	-1.418223e-007
2.295801793712342e-003	-1.612008e-007
2.299057002045675e-003	-1.752678e-007
2.302312210379009e-003	-1.843175e-007
2.305567418712342e-003	-1.887125e-007
2.308822627045676e-003	-1.888688e-007
2.312077835379009e-003	-1.852422e-007
2.318588252045676e-003	-1.685803e-007
2.325098668712343e-003	-1.426780e-007
2.347885127045677e-003	-3.072998e-008
2.354395543712343e-003	-3.804948e-009
2.360905960379010e-003	1.789328e-008
2.367416377045677e-003	3.380639e-008
2.373926793712344e-003	4.392451e-008
2.380437210379011e-003	4.867471e-008
2.390202835379011e-003	4.741580e-008
2.394853132998059e-003	4.327544e-008
2.399503430617107e-003	3.873133e-008
2.404153728236154e-003	3.378345e-008
2.408804025855202e-003	2.843181e-008
2.413454323474249e-003	2.267641e-008
2.418104621093297e-003	1.651724e-008
2.422754918712345e-003	9.954303e-009
2.431125454426631e-003	1.257666e-009
2.439495990140917e-003	-5.425845e-009
2.447866525855203e-003	-1.009623e-008
2.456237061569489e-003	-1.275349e-008
2.464607597283775e-003	-1.339762e-008
2.472978132998060e-003	-1.202863e-008
2.481348668712346e-003	-8.646515e-009
2.500001000000003e-003	-2.345680e-009
2.500001090708739e-003	1.839359e-009
2.500001181417476e-003	1.183526e-008
2.500001272126212e-003	2.764202e-008
2.500001362834948e-003	4.925965e-008
2.500001453543684e-003	7.668814e-008
2.500001544252421e-003	1.099275e-007
2.500001634961157e-003	1.489777e-007
2.500002000000003e-003	3.316512e-007
2.500006635993346e-003	3.421943e-006
2.500347728290991e-003	2.290936e-004
2.500688820588637e-003	4.512336e-004
2.501029912886282e-003	6.698419e-004
2.501371005183928e-003	8.849185e-004
2.501712097481573e-003	1.096463e-003
2.502053189779219e-003	1.304477e-003
2.502394282076864e-003	1.508958e-003
2.504786600657611e-003	2.863278e-003
2.508041808990944e-003	4.498669e-003
2.511297017324277e-003	5.882869e-003
2.514552225657611e-003	6.999964e-003
2.517807433990944e-003	7.856584e-003
2.521062642324278e-003	8.463837e-003
2.524317850657611e-003	8.836601e-003
2.527573058990945e-003	8.992819e-003
2.530828267324278e-003	8.952810e-003
2.534083475657611e-003	8.738610e-003
2.537338683990945e-003	8.373339e-003
2.540593892324278e-003	7.880630e-003
2.543849100657612e-003	7.284100e-003
2.547104308990945e-003	6.606880e-003
2.550359517324278e-003	5.871205e-003
2.553614725657612e-003	5.098070e-003
2.556869933990945e-003	4.306949e-003
2.560125142324279e-003	3.515560e-003
2.563380350657612e-003	2.739714e-003
2.566635558990945e-003	1.993201e-003
2.569890767324279e-003	1.287730e-003
2.573145975657612e-003	6.329280e-004
2.576401183990946e-003	3.636818e-005
2.579656392324279e-003	-4.963567e-004
2.582911600657612e-003	-9.615322e-004
2.586166808990946e-003	-1.357193e-003
2.589422017324279e-003	-1.682972e-003
2.592677225657613e-003	-1.939936e-003
2.595932433990946e-003	-2.130408e-003
2.599187642324280e-003	-2.257786e-003
2.602442850657613e-003	-2.326358e-003
2.605698058990946e-003	-2.341120e-003
2.608953267324280e-003	-2.307602e-003
2.612208475657613e-003	-2.231698e-003
2.615463683990947e-003	-2.119506e-003
2.618718892324280e-003	-1.977193e-003
2.621974100657613e-003	-1.810854e-003
2.625229308990947e-003	-1.626408e-003
2.628484517324280e-003	-1.429492e-003
2.631739725657614e-003	-1.225381e-003
2.634994933990947e-003	-1.018925e-003
2.638250142324280e-003	-8.144939e-004
2.641505350657614e-003	-6.159452e-004
2.644760558990947e-003	-4.266014e-004
2.648015767324281e-003	-2.492419e-004
2.651270975657614e-003	-8.610641e-005
2.654526183990947e-003	6.109144e-005
2.657781392324281e-003	1.911413e-004
2.661036600657614e-003	3.033056e-004
2.664291808990948e-003	3.972834e-004
2.667547017324281e-003	4.731689e-004
2.670802225657615e-003	5.314068e-004
2.674057433990948e-003	5.727457e-004
2.677312642324281e-003	5.981902e-004
2.680567850657615e-003	6.089529e-004
2.683823058990948e-003	6.064081e-004
2.687078267324282e-003	5.920468e-004
2.690333475657615e-003	5.674339e-004
2.693588683990948e-003	5.341699e-004
2.696843892324282e-003	4.938542e-004
2.700099100657615e-003	4.480538e-004
2.703354308990949e-003	3.982756e-004
2.706609517324282e-003	3.459427e-004
2.709864725657615e-003	2.923751e-004
2.713119933990949e-003	2.387745e-004
2.716375142324282e-003	1.862134e-004
2.719630350657616e-003	1.356273e-004
2.722885558990949e-003	8.781118e-005
2.726140767324282e-003	4.341879e-005
2.729395975657616e-003	2.964789e-006
2.732651183990949e-003	-3.317037e-005
2.735906392324283e-003	-6.473353e-005
2.739161600657616e-003	-9.159010e-005
2.742416808990949e-003	-1.137139e-004
2.745672017324283e-003	-1.311759e-004
2.748927225657616e-003	-1.441325e-004
2.752182433990950e-003	-1.528129e-004
2.755437642324283e-003	-1.575067e-004
2.758692850657617e-003	-1.585518e-004
2.761948058990950e-003	-1.563223e-004
2.765203267324283e-003	-1.512168e-004
2.768458475657617e-003	-1.436486e-004
2.771713683990950e-003	-1.340350e-004
2.774968892324284e-003	-1.227891e-004
2.778224100657617e-003	-1.103118e-004
2.781479308990950e-003	-9.698514e-005
2.784734517324284e-003	-8.316676e-005
2.787989725657617e-003	-6.918544e-005
2.791244933990951e-003	-5.533761e-005
2.794500142324284e-003	-4.188494e-005
2.797755350657617e-003	-2.905294e-005
2.801010558990951e-003	-1.703029e-005
2.804265767324284e-003	-5.969153e-006
2.807520975657618e-003	4.013968e-006
2.810776183990951e-003	1.283667e-005
2.814031392324284e-003	2.044860e-005
2.817286600657618e-003	2.682902e-005
2.820541808990951e-003	3.198396e-005
2.823797017324285e-003	3.594326e-005
2.827052225657618e-003	3.875735e-005
2.830307433990952e-003	4.049407e-005
2.833562642324285e-003	4.123537e-005
2.836817850657618e-003	4.107420e-005
2.840073058990952e-003	4.011144e-005
2.843328267324285e-003	3.845303e-005
2.846583475657619e-003	3.620733e-005
2.849838683990952e-003	3.348267e-005
2.853093892324285e-003	3.038522e-005
2.856349100657619e-003	2.701709e-005
2.859604308990952e-003	2.347472e-005
2.862859517324286e-003	1.984762e-005
2.866114725657619e-003	1.621728e-005
2.869369933990952e-003	1.265644e-005
2.872625142324286e-003	9.228576e-006
2.875880350657619e-003	5.987660e-006
2.879135558990953e-003	2.978082e-006
2.882390767324286e-003	2.348179e-007
2.885645975657619e-003	-2.216250e-006
2.888901183990953e-003	-4.357869e-006
2.892156392324286e-003	-6.180824e-006
2.895411600657620e-003	-7.683248e-006
2.898666808990953e-003	-8.869873e-006
2.901922017324287e-003	-9.751212e-006
2.905177225657620e-003	-1.034273e-005
2.908432433990953e-003	-1.066399e-005
2.911687642324287e-003	-1.073785e-005
2.914942850657620e-003	-1.058959e-005
2.918198058990954e-003	-1.024622e-005
2.921453267324287e-003	-9.735695e-006
2.924708475657620e-003	-9.086286e-006
2.927963683990954e-003	-8.325973e-006
2.931218892324287e-003	-7.481918e-006
2.934474100657621e-003	-6.580015e-006
2.937729308990954e-003	-5.644509e-006
2.940984517324287e-003	-4.697690e-006
2.944239725657621e-003	-3.759663e-006
2.947494933990954e-003	-2.848181e-006
2.950750142324288e-003	-1.978546e-006
2.954005350657621e-003	-1.163571e-006
2.957260558990954e-003	-4.135910e-007
2.960515767324288e-003	2.634729e-007
2.963770975657621e-003	8.620107e-007
2.967026183990955e-003	1.378585e-006
2.970281392324288e-003	1.811767e-006
2.973536600657621e-003	2.161941e-006
2.976791808990955e-003	2.431110e-006
2.980047017324288e-003	2.622672e-006
2.983302225657622e-003	2.741206e-006
2.986557433990955e-003	2.792252e-006
2.989812642324289e-003	2.782094e-006
2.993067850657622e-003	2.717560e-006
2.996323058990955e-003	2.605821e-006
2.999578267324289e-003	2.454213e-006
3.002833475657622e-003	2.270075e-006
3.006088683990956e-003	2.060598e-006
3.009343892324289e-003	1.832701e-006
3.015854308990956e-003	1.347330e-006
3.022364725657623e-003	8.602152e-007
3.025619933990956e-003	6.279341e-007
3.028875142324289e-003	4.082695e-007
3.032130350657623e-003	2.042360e-007
3.035385558990956e-003	1.821068e-008
3.038640767324290e-003	-1.480460e-007
3.041895975657623e-003	-2.933582e-007
3.045151183990956e-003	-4.170949e-007
3.048406392324290e-003	-5.191238e-007
3.051661600657623e-003	-5.997595e-007
3.054916808990957e-003	-6.597093e-007
3.058172017324290e-003	-7.000164e-007
3.061427225657624e-003	-7.220029e-007
3.064682433990957e-003	-7.272131e-007
3.067937642324290e-003	-7.173584e-007
3.071192850657624e-003	-6.942659e-007
3.074448058990957e-003	-6.598285e-007
3.077703267324291e-003	-6.159608e-007
3.080958475657624e-003	-5.645579e-007
3.087468892324291e-003	-4.464231e-007
3.089794041133815e-003	-4.001851e-007
3.092119189943338e-003	-3.545176e-007
3.094444338752862e-003	-3.094207e-007
3.096769487562386e-003	-2.648943e-007
3.099094636371910e-003	-2.209384e-007
3.101419785181434e-003	-1.775530e-007
3.103744933990958e-003	-1.347382e-007
3.107000142324291e-003	-7.949396e-008
3.110255350657625e-003	-2.864311e-008
3.113510558990958e-003	1.727578e-008
3.116765767324291e-003	5.788081e-008
3.120020975657625e-003	9.293737e-008
3.123276183990958e-003	1.223469e-007
3.126531392324292e-003	1.461340e-007
3.129786600657625e-003	1.644329e-007
3.133041808990959e-003	1.774727e-007
3.136297017324292e-003	1.855624e-007
3.139552225657625e-003	1.890765e-007
3.142807433990959e-003	1.884400e-007
3.146062642324292e-003	1.841148e-007
3.152573058990959e-003	1.663515e-007
3.159083475657626e-003	1.397405e-007
3.162338683990959e-003	1.234425e-007
3.165593892324293e-003	1.072483e-007
3.168849100657626e-003	9.115816e-008
3.172104308990959e-003	7.517191e-008
3.175359517324293e-003	5.928961e-008
3.178614725657626e-003	4.351124e-008
3.181869933990960e-003	2.783681e-008
3.188380350657626e-003	1.389815e-009
3.194890767324293e-003	-1.974700e-008
3.201401183990960e-003	-3.507451e-008
3.207911600657627e-003	-4.463175e-008
3.214422017324294e-003	-4.888282e-008
3.224187642324294e-003	-4.704209e-008
3.228837939943342e-003	-4.271543e-008
3.233488237562390e-003	-3.802781e-008
3.238138535181437e-003	-3.297923e-008
3.242788832800485e-003	-2.756970e-008
3.247439130419532e-003	-2.179922e-008
3.252089428038580e-003	-1.566778e-008
3.256739725657628e-003	-9.175381e-009
3.265110261371914e-003	-6.818739e-010
3.273480797086200e-003	5.818969e-009
3.281851332800486e-003	1.032715e-008
3.290221868514772e-003	1.284266e-008
3.298592404229058e-003	1.336551e-008
3.306962939943343e-003	1.189569e-008
3.315333475657629e-003	8.433206e-009
3.333332333333330e-003	2.346812e-009
3.333333333333330e-003	2.346501e-009
