-0.1	3.557889
-0.0999	3.557889
-0.0998	3.537789
-0.0997	3.512663
-0.0996	3.497588
-0.0995	3.487538
-0.0994	3.497588
-0.0993	3.482513
-0.0992	3.497588
-0.0991	3.477487
-0.099	3.447337
-0.0989	3.437286
-0.0988	3.417186
-0.0987	3.437286
-0.0986	3.417186
-0.0985	3.397085
-0.0984	3.397085
-0.0983	3.376985
-0.0982	3.366935
-0.0981	3.376985
-0.098	3.356884
-0.0979	3.336784
-0.0978	3.316683
-0.0977	3.316683
-0.0976	3.296583
-0.0975	3.291558
-0.0974	3.276482
-0.0973	3.276482
-0.0972	3.256382
-0.0971	3.256382
-0.097	3.226231
-0.0969	3.236281
-0.0968	3.236281
-0.0967	3.201106
-0.0966	3.206131
-0.0965	3.181005
-0.0964	3.19608
-0.0963	3.155879
-0.0962	3.16593
-0.0961	3.155879
-0.096	3.135779
-0.0959	3.115678
-0.0958	3.105628
-0.0957	3.115678
-0.0956	3.095578
-0.0955	3.100603
-0.0954	3.075477
-0.0953	3.075477
-0.0952	3.055377
-0.0951	3.060402
-0.095	3.035276
-0.0949	3.035276
-0.0948	3.015176
-0.0947	3.000101
-0.0946	2.995075
-0.0945	2.99005
-0.0944	2.974975
-0.0943	2.9599
-0.0942	2.954874
-0.0941	2.954874
-0.094	2.934774
-0.0939	2.909648
-0.0938	4.934774
-0.0937	4.914673
-0.0936	4.884523
-0.0935	4.884523
-0.0934	4.874472
-0.0933	4.844322
-0.0932	4.864422
-0.0931	4.839296
-0.093	4.824221
-0.0929	4.804121
-0.0928	4.804121
-0.0927	4.78402
-0.0926	4.77397
-0.0925	4.77397
-0.0924	4.743819
-0.0923	4.723719
-0.0922	4.723719
-0.0921	4.723719
-0.092	4.703618
-0.0919	4.703618
-0.0918	4.673467
-0.0917	4.683518
-0.0916	4.643317
-0.0915	4.643317
-0.0914	4.633266
-0.0913	4.623216
-0.0912	4.623216
-0.0911	4.618191
-0.091	4.593065
-0.0909	4.583015
-0.0908	4.583015
-0.0907	4.562915
-0.0906	4.562915
-0.0905	4.542814
-0.0904	4.502613
-0.0903	4.502613
-0.0902	4.502613
-0.0901	4.467437
-0.09	4.502613
-0.0899	4.477487
-0.0898	4.462412
-0.0897	4.457387
-0.0896	4.442312
-0.0895	4.422211
-0.0894	4.422211
-0.0893	4.402111
-0.0892	4.402111
-0.0891	4.397085
-0.089	4.37196
-0.0889	4.376985
-0.0888	4.341809
-0.0887	4.341809
-0.0886	4.331759
-0.0885	4.306633
-0.0884	4.321709
-0.0883	4.306633
-0.0882	4.291558
-0.0881	4.276482
-0.088	4.261407
-0.0879	4.256382
-0.0878	4.241307
-0.0877	4.241307
-0.0876	4.221206
-0.0875	4.221206
-0.0874	4.191055
-0.0873	4.19608
-0.0872	4.160905
-0.0871	4.160905
-0.087	4.150854
-0.0869	4.160905
-0.0868	4.120704
-0.0867	4.125729
-0.0866	4.120704
-0.0865	4.115678
-0.0864	4.100603
-0.0863	4.065427
-0.0862	4.070452
-0.0861	4.060402
-0.086	4.060402
-0.0859	4.030251
-0.0858	4.030251
-0.0857	4.025226
-0.0856	4.000101
-0.0855	4.005126
-0.0854	4.000101
-0.0853	3.98
-0.0852	3.9599
-0.0851	3.954874
-0.085	3.929749
-0.0849	3.944824
-0.0848	3.919699
-0.0847	3.904623
-0.0846	3.899598
-0.0845	3.899598
-0.0844	3.879498
-0.0843	3.879498
-0.0842	3.859397
-0.0841	3.844322
-0.084	3.859397
-0.0839	3.839297
-0.0838	3.819196
-0.0837	3.819196
-0.0836	3.819196
-0.0835	3.78402
-0.0834	3.768945
-0.0833	3.77397
-0.0832	3.758894
-0.0831	3.758894
-0.083	3.728744
-0.0829	3.738794
-0.0828	3.718693
-0.0827	3.698593
-0.0826	3.678492
-0.0825	3.693568
-0.0824	3.678492
-0.0823	3.663417
-0.0822	3.658392
-0.0821	3.638291
-0.082	3.638291
-0.0819	3.638291
-0.0818	3.608141
-0.0817	3.603116
-0.0816	3.59809
-0.0815	3.57799
-0.0814	3.56794
-0.0813	3.572965
-0.0812	3.557889
-0.0811	3.522714
-0.081	3.517688
-0.0809	3.517688
-0.0808	3.517688
-0.0807	3.502613
-0.0806	3.487538
-0.0805	3.472462
-0.0804	3.477487
-0.0803	3.437286
-0.0802	3.437286
-0.0801	3.447337
-0.08	3.417186
-0.0799	3.417186
-0.0798	3.417186
-0.0797	3.397085
-0.0796	3.376985
-0.0795	3.37196
-0.0794	3.366935
-0.0793	3.351859
-0.0792	3.336784
-0.0791	3.321709
-0.079	3.316683
-0.0789	3.296583
-0.0788	3.276482
-0.0787	3.281508
-0.0786	3.276482
-0.0785	3.276482
-0.0784	3.276482
-0.0783	3.266432
-0.0782	3.246332
-0.0781	3.216181
-0.078	3.216181
-0.0779	3.201106
-0.0778	3.19608
-0.0777	3.17598
-0.0776	3.17598
-0.0775	3.155879
-0.0774	3.155879
-0.0773	3.140804
-0.0772	3.135779
-0.0771	3.135779
-0.077	3.115678
-0.0769	3.115678
-0.0768	3.095578
-0.0767	3.090553
-0.0766	3.085528
-0.0765	3.065427
-0.0764	3.055377
-0.0763	3.050352
-0.0762	3.035276
-0.0761	3.030251
-0.076	3.015176
-0.0759	3.000101
-0.0758	2.995075
-0.0757	2.995075
-0.0756	2.974975
-0.0755	2.9599
-0.0754	2.944824
-0.0753	2.954874
-0.0752	2.934774
-0.0751	3.452362
-0.075	4.914673
-0.0749	4.914673
-0.0748	4.884523
-0.0747	4.879497
-0.0746	4.854372
-0.0745	4.829246
-0.0744	4.844322
-0.0743	4.839296
-0.0742	4.814171
-0.0741	4.804121
-0.074	4.78402
-0.0739	4.78402
-0.0738	4.77397
-0.0737	4.76392
-0.0736	4.76392
-0.0735	4.728744
-0.0734	4.733769
-0.0733	4.708643
-0.0732	4.723719
-0.0731	4.703618
-0.073	4.663417
-0.0729	4.653367
-0.0728	4.663417
-0.0727	4.643317
-0.0726	4.633266
-0.0725	4.623216
-0.0724	4.623216
-0.0723	4.58804
-0.0722	4.593065
-0.0721	4.57799
-0.072	4.562915
-0.0719	4.552864
-0.0718	4.542814
-0.0717	4.547839
-0.0716	4.542814
-0.0715	4.522714
-0.0714	4.502613
-0.0713	4.487538
-0.0712	4.462412
-0.0711	4.467437
-0.071	4.442312
-0.0709	4.447337
-0.0708	4.422211
-0.0707	4.422211
-0.0706	4.412161
-0.0705	4.407136
-0.0704	4.422211
-0.0703	4.397085
-0.0702	4.36191
-0.0701	4.356884
-0.07	4.36191
-0.0699	4.341809
-0.0698	4.331759
-0.0697	4.321709
-0.0696	4.301608
-0.0695	4.296583
-0.0694	4.281508
-0.0693	4.256382
-0.0692	4.261407
-0.0691	4.256382
-0.069	4.241307
-0.0689	4.241307
-0.0688	4.201106
-0.0687	4.201106
-0.0686	4.191055
-0.0685	4.18603
-0.0684	4.160905
-0.0683	4.160905
-0.0682	4.150854
-0.0681	4.155879
-0.068	4.120704
-0.0679	4.105628
-0.0678	4.110653
-0.0677	4.100603
-0.0676	4.080503
-0.0675	4.095578
-0.0674	4.060402
-0.0673	4.075477
-0.0672	4.040302
-0.0671	4.055377
-0.067	4.030251
-0.0669	4.030251
-0.0668	4.000101
-0.0667	3.985025
-0.0666	3.99005
-0.0665	3.98
-0.0664	3.9599
-0.0663	3.954874
-0.0662	3.939799
-0.0661	3.924724
-0.066	3.939799
-0.0659	3.899598
-0.0658	3.899598
-0.0657	3.894573
-0.0656	3.879498
-0.0655	3.884523
-0.0654	3.869447
-0.0653	3.839297
-0.0652	3.839297
-0.0651	3.834271
-0.065	3.819196
-0.0649	3.804121
-0.0648	3.799095
-0.0647	3.778995
-0.0646	3.778995
-0.0645	3.758894
-0.0644	3.758894
-0.0643	3.738794
-0.0642	3.738794
-0.0641	3.738794
-0.064	3.718693
-0.0639	3.708643
-0.0638	3.688543
-0.0637	3.678492
-0.0636	3.658392
-0.0635	3.663417
-0.0634	3.648342
-0.0633	3.623216
-0.0632	3.618191
-0.0631	3.638291
-0.063	3.608141
-0.0629	3.613166
-0.0628	3.59809
-0.0627	3.593065
-0.0626	3.56794
-0.0625	3.572965
-0.0624	3.557889
-0.0623	3.537789
-0.0622	3.517688
-0.0621	3.512663
-0.062	3.497588
-0.0619	3.492563
-0.0618	3.497588
-0.0617	3.477487
-0.0616	3.477487
-0.0615	3.472462
-0.0614	3.447337
-0.0613	3.437286
-0.0612	3.437286
-0.0611	3.417186
-0.061	3.397085
-0.0609	3.397085
-0.0608	3.417186
-0.0607	3.376985
-0.0606	3.356884
-0.0605	3.356884
-0.0604	3.336784
-0.0603	3.331759
-0.0602	3.316683
-0.0601	3.301608
-0.06	3.276482
-0.0599	3.281508
-0.0598	3.266432
-0.0597	3.256382
-0.0596	3.256382
-0.0595	3.241307
-0.0594	3.236281
-0.0593	3.211156
-0.0592	3.216181
-0.0591	3.201106
-0.059	3.19608
-0.0589	3.19608
-0.0588	3.19608
-0.0587	3.155879
-0.0586	3.16593
-0.0585	3.155879
-0.0584	3.115678
-0.0583	3.115678
-0.0582	3.125729
-0.0581	3.095578
-0.058	3.095578
-0.0579	3.090553
-0.0578	3.085528
-0.0577	3.070452
-0.0576	3.075477
-0.0575	3.040302
-0.0574	3.035276
-0.0573	3.015176
-0.0572	3.015176
-0.0571	2.995075
-0.057	2.995075
-0.0569	2.98
-0.0568	2.934774
-0.0567	2.96995
-0.0566	2.954874
-0.0565	2.954874
-0.0564	2.914673
-0.0563	4.944824
-0.0562	4.914673
-0.0561	4.919699
-0.056	4.884523
-0.0559	4.864422
-0.0558	4.854372
-0.0557	4.849347
-0.0556	4.804121
-0.0555	4.824221
-0.0554	4.804121
-0.0553	4.804121
-0.0552	4.78402
-0.0551	4.78402
-0.055	4.76392
-0.0549	4.76392
-0.0548	4.76392
-0.0547	4.723719
-0.0546	4.723719
-0.0545	4.708643
-0.0544	4.703618
-0.0543	4.688543
-0.0542	4.663417
-0.0541	4.643317
-0.054	4.643317
-0.0539	4.643317
-0.0538	4.633266
-0.0537	4.638291
-0.0536	4.603116
-0.0535	4.618191
-0.0534	4.593065
-0.0533	4.583015
-0.0532	4.562915
-0.0531	4.557889
-0.053	4.532764
-0.0529	4.527739
-0.0528	4.502613
-0.0527	4.507638
-0.0526	4.512663
-0.0525	4.502613
-0.0524	4.482513
-0.0523	4.467437
-0.0522	4.462412
-0.0521	4.447337
-0.052	4.422211
-0.0519	4.407136
-0.0518	4.402111
-0.0517	4.402111
-0.0516	4.38201
-0.0515	4.36191
-0.0514	4.36191
-0.0513	4.36191
-0.0512	4.341809
-0.0511	4.336784
-0.051	4.331759
-0.0509	4.301608
-0.0508	4.301608
-0.0507	4.276482
-0.0506	4.291558
-0.0505	4.266432
-0.0504	4.261407
-0.0503	4.246332
-0.0502	4.231256
-0.0501	4.221206
-0.05	4.221206
-0.0499	4.206131
-0.0498	4.191055
-0.0497	4.19608
-0.0496	4.181005
-0.0495	4.145829
-0.0494	4.150854
-0.0493	4.150854
-0.0492	4.140804
-0.0491	4.120704
-0.049	4.120704
-0.0489	4.100603
-0.0488	4.080503
-0.0487	4.075477
-0.0486	4.060402
-0.0485	4.040302
-0.0484	4.060402
-0.0483	4.035276
-0.0482	4.020201
-0.0481	4.030251
-0.048	4.000101
-0.0479	4.000101
-0.0478	3.98
-0.0477	3.964925
-0.0476	3.9599
-0.0475	3.9599
-0.0474	3.939799
-0.0473	3.924724
-0.0472	3.939799
-0.0471	3.899598
-0.047	3.909648
-0.0469	3.899598
-0.0468	3.879498
-0.0467	3.859397
-0.0466	3.859397
-0.0465	3.839297
-0.0464	3.859397
-0.0463	3.819196
-0.0462	3.819196
-0.0461	3.799095
-0.046	3.799095
-0.0459	3.778995
-0.0458	3.778995
-0.0457	3.758894
-0.0456	3.758894
-0.0455	3.733769
-0.0454	3.738794
-0.0453	3.733769
-0.0452	3.718693
-0.0451	3.698593
-0.045	3.688543
-0.0449	3.678492
-0.0448	3.658392
-0.0447	3.658392
-0.0446	3.648342
-0.0445	3.648342
-0.0444	3.618191
-0.0443	3.603116
-0.0442	3.608141
-0.0441	3.57799
-0.044	3.57799
-0.0439	3.57799
-0.0438	3.56794
-0.0437	3.557889
-0.0436	3.557889
-0.0435	3.552864
-0.0434	3.537789
-0.0433	3.497588
-0.0432	3.497588
-0.0431	3.482513
-0.043	3.487538
-0.0429	3.452362
-0.0428	3.477487
-0.0427	3.452362
-0.0426	3.447337
-0.0425	3.452362
-0.0424	3.437286
-0.0423	3.412161
-0.0422	3.407136
-0.0421	3.38201
-0.042	3.397085
-0.0419	3.37196
-0.0418	3.356884
-0.0417	3.336784
-0.0416	3.356884
-0.0415	3.316683
-0.0414	3.326734
-0.0413	3.296583
-0.0412	3.296583
-0.0411	3.281508
-0.041	3.276482
-0.0409	3.256382
-0.0408	3.256382
-0.0407	3.236281
-0.0406	3.236281
-0.0405	3.211156
-0.0404	3.216181
-0.0403	3.19608
-0.0402	3.18603
-0.0401	3.16593
-0.04	3.17598
-0.0399	3.155879
-0.0398	3.145829
-0.0397	3.145829
-0.0396	3.115678
-0.0395	3.130754
-0.0394	3.125729
-0.0393	3.080503
-0.0392	3.095578
-0.0391	3.080503
-0.039	3.065427
-0.0389	3.060402
-0.0388	3.055377
-0.0387	3.040302
-0.0386	3.045327
-0.0385	3.015176
-0.0384	3.015176
-0.0383	3.015176
-0.0382	2.974975
-0.0381	2.99005
-0.038	2.954874
-0.0379	2.964925
-0.0378	2.944824
-0.0377	2.939799
-0.0376	2.914673
-0.0375	4.939799
-0.0374	4.904623
-0.0373	4.884523
-0.0372	4.884523
-0.0371	4.864422
-0.037	4.854372
-0.0369	4.859397
-0.0368	4.824221
-0.0367	4.824221
-0.0366	4.804121
-0.0365	4.78402
-0.0364	4.76392
-0.0363	4.78402
-0.0362	4.77397
-0.0361	4.76392
-0.036	4.743819
-0.0359	4.743819
-0.0358	4.723719
-0.0357	4.718693
-0.0356	4.683518
-0.0355	4.713668
-0.0354	4.673467
-0.0353	4.648342
-0.0352	4.663417
-0.0351	4.643317
-0.035	4.623216
-0.0349	4.623216
-0.0348	4.603116
-0.0347	4.58804
-0.0346	4.593065
-0.0345	4.583015
-0.0344	4.562915
-0.0343	4.532764
-0.0342	4.532764
-0.0341	4.537789
-0.034	4.502613
-0.0339	4.522714
-0.0338	4.502613
-0.0337	4.487538
-0.0336	4.482513
-0.0335	4.477487
-0.0334	4.442312
-0.0333	4.447337
-0.0332	4.462412
-0.0331	4.407136
-0.033	4.39206
-0.0329	4.387035
-0.0328	4.402111
-0.0327	4.38201
-0.0326	4.37196
-0.0325	4.356884
-0.0324	4.341809
-0.0323	4.326734
-0.0322	4.321709
-0.0321	4.301608
-0.032	4.321709
-0.0319	4.266432
-0.0318	4.281508
-0.0317	4.276482
-0.0316	4.261407
-0.0315	4.241307
-0.0314	4.241307
-0.0313	4.241307
-0.0312	4.221206
-0.0311	4.206131
-0.031	4.191055
-0.0309	4.17598
-0.0308	4.181005
-0.0307	4.160905
-0.0306	4.140804
-0.0305	4.145829
-0.0304	4.120704
-0.0303	4.100603
-0.0302	4.110653
-0.0301	4.095578
-0.03	4.080503
-0.0299	4.060402
-0.0298	4.070452
-0.0297	4.060402
-0.0296	4.040302
-0.0295	4.020201
-0.0294	4.020201
-0.0293	4.000101
-0.0292	4.000101
-0.0291	3.985025
-0.029	3.98
-0.0289	3.98
-0.0288	3.9599
-0.0287	3.9599
-0.0286	3.939799
-0.0285	3.919699
-0.0284	3.899598
-0.0283	3.914673
-0.0282	3.889548
-0.0281	3.884523
-0.028	3.899598
-0.0279	3.879498
-0.0278	3.859397
-0.0277	3.844322
-0.0276	3.839297
-0.0275	3.824221
-0.0274	3.819196
-0.0273	3.814171
-0.0272	3.778995
-0.0271	3.778995
-0.027	3.758894
-0.0269	3.753869
-0.0268	3.738794
-0.0267	3.728744
-0.0266	3.718693
-0.0265	3.718693
-0.0264	3.718693
-0.0263	3.688543
-0.0262	3.688543
-0.0261	3.678492
-0.026	3.678492
-0.0259	3.663417
-0.0258	3.638291
-0.0257	3.618191
-0.0256	3.638291
-0.0255	3.628241
-0.0254	3.58804
-0.0253	3.58804
-0.0252	3.59809
-0.0251	3.562915
-0.025	3.56794
-0.0249	3.557889
-0.0248	3.537789
-0.0247	3.537789
-0.0246	3.527739
-0.0245	3.517688
-0.0244	3.497588
-0.0243	3.497588
-0.0242	3.477487
-0.0241	3.472462
-0.024	3.477487
-0.0239	3.457387
-0.0238	3.427236
-0.0237	3.427236
-0.0236	3.457387
-0.0235	3.397085
-0.0234	3.407136
-0.0233	3.38201
-0.0232	3.356884
-0.0231	3.346834
-0.023	3.336784
-0.0229	3.336784
-0.0228	3.336784
-0.0227	3.331759
-0.0226	3.306633
-0.0225	3.296583
-0.0224	3.296583
-0.0223	3.276482
-0.0222	3.266432
-0.0221	3.261407
-0.022	3.236281
-0.0219	3.256382
-0.0218	3.226231
-0.0217	3.216181
-0.0216	3.216181
-0.0215	3.206131
-0.0214	3.19608
-0.0213	3.17598
-0.0212	3.135779
-0.0211	3.155879
-0.021	3.135779
-0.0209	3.135779
-0.0208	3.135779
-0.0207	3.115678
-0.0206	3.095578
-0.0205	3.095578
-0.0204	3.075477
-0.0203	3.090553
-0.0202	3.075477
-0.0201	3.055377
-0.02	3.055377
-0.0199	3.035276
-0.0198	3.025226
-0.0197	3.010151
-0.0196	2.995075
-0.0195	2.995075
-0.0194	2.995075
-0.0193	2.9599
-0.0192	2.954874
-0.0191	2.96995
-0.019	2.934774
-0.0189	2.919699
-0.0188	2.914673
-0.0187	4.939799
-0.0186	4.904623
-0.0185	4.899598
-0.0184	4.884523
-0.0183	4.879497
-0.0182	4.844322
-0.0181	4.844322
-0.018	4.804121
-0.0179	4.824221
-0.0178	4.804121
-0.0177	4.789045
-0.0176	4.78402
-0.0175	4.76392
-0.0174	4.76392
-0.0173	4.743819
-0.0172	4.743819
-0.0171	4.738794
-0.017	4.713668
-0.0169	4.728744
-0.0168	4.683518
-0.0167	4.673467
-0.0166	4.663417
-0.0165	4.663417
-0.0164	4.663417
-0.0163	4.623216
-0.0162	4.643317
-0.0161	4.623216
-0.016	4.603116
-0.0159	4.583015
-0.0158	4.572965
-0.0157	4.583015
-0.0156	4.562915
-0.0155	4.562915
-0.0154	4.542814
-0.0153	4.522714
-0.0152	4.522714
-0.0151	4.502613
-0.015	4.502613
-0.0149	4.457387
-0.0148	4.502613
-0.0147	4.467437
-0.0146	4.442312
-0.0145	4.442312
-0.0144	4.422211
-0.0143	4.422211
-0.0142	4.412161
-0.0141	4.38201
-0.014	4.36191
-0.0139	4.38201
-0.0138	4.37196
-0.0137	4.356884
-0.0136	4.321709
-0.0135	4.326734
-0.0134	4.331759
-0.0133	4.286533
-0.0132	4.281508
-0.0131	4.281508
-0.013	4.271457
-0.0129	4.266432
-0.0128	4.261407
-0.0127	4.246332
-0.0126	4.231256
-0.0125	4.236281
-0.0124	4.201106
-0.0123	4.201106
-0.0122	4.181005
-0.0121	4.16593
-0.012	4.140804
-0.0119	4.160905
-0.0118	4.160905
-0.0117	4.135779
-0.0116	4.120704
-0.0115	4.125729
-0.0114	4.090553
-0.0113	4.070452
-0.0112	4.080503
-0.0111	4.080503
-0.011	4.050352
-0.0109	4.045327
-0.0108	4.020201
-0.0107	4.015176
-0.0106	4.010151
-0.0105	4.015176
-0.0104	4.000101
-0.0103	3.99005
-0.0102	3.99005
-0.0101	3.9599
-0.01	3.9599
-0.0099	3.9599
-0.0098	3.929749
-0.0097	3.919699
-0.0096	3.919699
-0.0095	3.934774
-0.0094	3.889548
-0.0093	3.879498
-0.0092	3.859397
-0.0091	3.844322
-0.009	3.859397
-0.0089	3.854372
-0.0088	3.839297
-0.0087	3.819196
-0.0086	3.809146
-0.0085	3.799095
-0.0084	3.778995
-0.0083	3.778995
-0.0082	3.758894
-0.0081	3.753869
-0.008	3.758894
-0.0079	3.738794
-0.0078	3.738794
-0.0077	3.718693
-0.0076	3.698593
-0.0075	3.698593
-0.0074	3.688543
-0.0073	3.663417
-0.0072	3.658392
-0.0071	3.653367
-0.007	3.648342
-0.0069	3.643317
-0.0068	3.638291
-0.0067	3.59809
-0.0066	3.57799
-0.0065	3.583015
-0.0064	3.59809
-0.0063	3.593065
-0.0062	3.56794
-0.0061	3.552864
-0.006	3.557889
-0.0059	3.537789
-0.0058	3.517688
-0.0057	3.512663
-0.0056	3.517688
-0.0055	3.482513
-0.0054	3.467437
-0.0053	3.457387
-0.0052	3.417186
-0.0051	3.457387
-0.005	3.437286
-0.0049	3.432261
-0.0048	3.397085
-0.0047	3.402111
-0.0046	3.407136
-0.0045	3.38201
-0.0044	3.356884
-0.0043	3.36191
-0.0042	3.356884
-0.0041	3.351859
-0.004	3.336784
-0.0039	3.311658
-0.0038	3.316683
-0.0037	3.301608
-0.0036	3.276482
-0.0035	3.276482
-0.0034	3.276482
-0.0033	3.241307
-0.0032	3.236281
-0.0031	3.251357
-0.003	3.226231
-0.0029	3.201106
-0.0028	3.216181
-0.0027	3.201106
-0.0026	3.18603
-0.0025	3.17598
-0.0024	3.155879
-0.0023	3.155879
-0.0022	3.16593
-0.0021	3.155879
-0.002	3.115678
-0.0019	3.115678
-0.0018	3.085528
-0.0017	3.110653
-0.0016	3.075477
-0.0015	3.070452
-0.0014	3.055377
-0.0013	3.055377
-0.0012	3.055377
-0.0011	3.020201
-0.001	3.035276
-0.0009	3.000101
-0.0008	2.995075
-0.0007	2.974975
-0.0006	2.985025
-0.0005	2.99005
-0.0004	2.954874
-0.0003	2.939799
-0.0002	2.944824
-0.0001	2.929749
0	4.36191
0.0001	4.924724
0.0002	4.894573
0.0003	4.884523
0.0004	4.864422
0.0005	4.864422
0.0006	4.844322
0.0007	4.839296
0.0008	4.824221
0.0009	4.819196
0.001	4.79407
0.0011	4.78402
0.0012	4.78402
0.0013	4.76392
0.0014	4.753869
0.0015	4.738794
0.0016	4.743819
0.0017	4.723719
0.0018	4.703618
0.0019	4.683518
0.002	4.703618
0.0021	4.668442
0.0022	4.633266
0.0023	4.663417
0.0024	4.623216
0.0025	4.643317
0.0026	4.643317
0.0027	4.638291
0.0028	4.623216
0.0029	4.572965
0.003	4.572965
0.0031	4.57799
0.0032	4.562915
0.0033	4.547839
0.0034	4.522714
0.0035	4.527739
0.0036	4.502613
0.0037	4.487538
0.0038	4.492563
0.0039	4.482513
0.004	4.482513
0.0041	4.447337
0.0042	4.442312
0.0043	4.412161
0.0044	4.422211
0.0045	4.407136
0.0046	4.412161
0.0047	4.402111
0.0048	4.38201
0.0049	4.36191
0.005	4.341809
0.0051	4.336784
0.0052	4.321709
0.0053	4.321709
0.0054	4.321709
0.0055	4.306633
0.0056	4.301608
0.0057	4.266432
0.0058	4.271457
0.0059	4.251357
0.006	4.261407
0.0061	4.241307
0.0062	4.241307
0.0063	4.231256
0.0064	4.201106
0.0065	4.201106
0.0066	4.181005
0.0067	4.17598
0.0068	4.181005
0.0069	4.160905
0.007	4.130754
0.0071	4.125729
0.0072	4.100603
0.0073	4.095578
0.0074	4.100603
0.0075	4.085528
0.0076	4.060402
0.0077	4.080503
0.0078	4.050352
0.0079	4.055377
0.008	4.020201
0.0081	4.030251
0.0082	4.010151
0.0083	4.000101
0.0084	4.020201
0.0085	3.985025
0.0086	3.98
0.0087	3.964925
0.0088	3.9599
0.0089	3.939799
0.009	3.929749
0.0091	3.919699
0.0092	3.899598
0.0093	3.914673
0.0094	3.899598
0.0095	3.879498
0.0096	3.839297
0.0097	3.859397
0.0098	3.859397
0.0099	3.844322
0.01	3.819196
0.0101	3.814171
0.0102	3.839297
0.0103	3.789045
0.0104	3.778995
0.0105	3.77397
0.0106	3.768945
0.0107	3.758894
0.0108	3.758894
0.0109	3.733769
0.011	3.718693
0.0111	3.713668
0.0112	3.698593
0.0113	3.698593
0.0114	3.668442
0.0115	3.663417
0.0116	3.678492
0.0117	3.688543
0.0118	3.648342
0.0119	3.638291
0.012	3.618191
0.0121	3.618191
0.0122	3.608141
0.0123	3.59809
0.0124	3.59809
0.0125	3.572965
0.0126	3.547839
0.0127	3.552864
0.0128	3.517688
0.0129	3.517688
0.013	3.517688
0.0131	3.502613
0.0132	3.497588
0.0133	3.502613
0.0134	3.467437
0.0135	3.472462
0.0136	3.437286
0.0137	3.437286
0.0138	3.437286
0.0139	3.417186
0.014	3.417186
0.0141	3.397085
0.0142	3.407136
0.0143	3.376985
0.0144	3.356884
0.0145	3.376985
0.0146	3.346834
0.0147	3.321709
0.0148	3.316683
0.0149	3.316683
0.015	3.306633
0.0151	3.291558
0.0152	3.276482
0.0153	3.271457
0.0154	3.276482
0.0155	3.246332
0.0156	3.256382
0.0157	3.236281
0.0158	3.206131
0.0159	3.201106
0.016	3.17598
0.0161	3.216181
0.0162	3.19608
0.0163	3.155879
0.0164	3.155879
0.0165	3.170955
0.0166	3.135779
0.0167	3.140804
0.0168	3.115678
0.0169	3.100603
0.017	3.085528
0.0171	3.075477
0.0172	3.095578
0.0173	3.070452
0.0174	3.045327
0.0175	3.050352
0.0176	3.055377
0.0177	3.035276
0.0178	3.015176
0.0179	3.000101
0.018	2.995075
0.0181	3.005126
0.0182	2.985025
0.0183	2.9599
0.0184	2.954874
0.0185	2.949849
0.0186	2.934774
0.0187	2.934774
0.0188	4.924724
0.0189	4.919699
0.019	4.894573
0.0191	4.884523
0.0192	4.864422
0.0193	4.849347
0.0194	4.844322
0.0195	4.829246
0.0196	4.824221
0.0197	4.804121
0.0198	4.79407
0.0199	4.804121
0.02	4.78402
0.0201	4.778995
0.0202	4.753869
0.0203	4.728744
0.0204	4.723719
0.0205	4.723719
0.0206	4.713668
0.0207	4.698593
0.0208	4.683518
0.0209	4.683518
0.021	4.653367
0.0211	4.643317
0.0212	4.623216
0.0213	4.623216
0.0214	4.613166
0.0215	4.603116
0.0216	4.583015
0.0217	4.58804
0.0218	4.583015
0.0219	4.56794
0.022	4.562915
0.0221	4.562915
0.0222	4.532764
0.0223	4.522714
0.0224	4.522714
0.0225	4.502613
0.0226	4.492563
0.0227	4.477487
0.0228	4.462412
0.0229	4.442312
0.023	4.452362
0.0231	4.437286
0.0232	4.422211
0.0233	4.407136
0.0234	4.39206
0.0235	4.402111
0.0236	4.38201
0.0237	4.36191
0.0238	4.351859
0.0239	4.356884
0.024	4.321709
0.0241	4.301608
0.0242	4.311658
0.0243	4.286533
0.0244	4.301608
0.0245	4.281508
0.0246	4.271457
0.0247	4.241307
0.0248	4.261407
0.0249	4.241307
0.025	4.241307
0.0251	4.206131
0.0252	4.201106
0.0253	4.211156
0.0254	4.181005
0.0255	4.160905
0.0256	4.160905
0.0257	4.140804
0.0258	4.150854
0.0259	4.125729
0.026	4.120704
0.0261	4.105628
0.0262	4.100603
0.0263	4.080503
0.0264	4.060402
0.0265	4.065427
0.0266	4.050352
0.0267	4.025226
0.0268	4.020201
0.0269	4.005126
0.027	4.010151
0.0271	4.000101
0.0272	4.000101
0.0273	3.995075
0.0274	3.9599
0.0275	3.9599
0.0276	3.9599
0.0277	3.939799
0.0278	3.929749
0.0279	3.919699
0.028	3.899598
0.0281	3.889548
0.0282	3.879498
0.0283	3.874472
0.0284	3.859397
0.0285	3.859397
0.0286	3.839297
0.0287	3.839297
0.0288	3.839297
0.0289	3.799095
0.029	3.789045
0.0291	3.78402
0.0292	3.778995
0.0293	3.79407
0.0294	3.778995
0.0295	3.758894
0.0296	3.738794
0.0297	3.723719
0.0298	3.718693
0.0299	3.718693
0.03	3.698593
0.0301	3.668442
0.0302	3.678492
0.0303	3.653367
0.0304	3.658392
0.0305	3.653367
0.0306	3.658392
0.0307	3.623216
0.0308	3.618191
0.0309	3.618191
0.031	3.59809
0.0311	3.59809
0.0312	3.57799
0.0313	3.557889
0.0314	3.557889
0.0315	3.557889
0.0316	3.537789
0.0317	3.512663
0.0318	3.507638
0.0319	3.512663
0.032	3.497588
0.0321	3.487538
0.0322	3.467437
0.0323	3.452362
0.0324	3.457387
0.0325	3.437286
0.0326	3.417186
0.0327	3.437286
0.0328	3.397085
0.0329	3.397085
0.033	3.387035
0.0331	3.36191
0.0332	3.356884
0.0333	3.336784
0.0334	3.336784
0.0335	3.331759
0.0336	3.336784
0.0337	3.311658
0.0338	3.306633
0.0339	3.296583
0.034	3.296583
0.0341	3.276482
0.0342	3.266432
0.0343	3.256382
0.0344	3.236281
0.0345	3.231256
0.0346	3.216181
0.0347	3.19608
0.0348	3.216181
0.0349	3.201106
0.035	3.17598
0.0351	3.18603
0.0352	3.17598
0.0353	3.155879
0.0354	3.135779
0.0355	3.120704
0.0356	3.115678
0.0357	3.100603
0.0358	3.105628
0.0359	3.100603
0.036	3.075477
0.0361	3.055377
0.0362	3.055377
0.0363	3.035276
0.0364	3.035276
0.0365	3.015176
0.0366	3.005126
0.0367	3.010151
0.0368	2.995075
0.0369	2.974975
0.037	2.964925
0.0371	2.96995
0.0372	2.954874
0.0373	2.944824
0.0374	2.944824
0.0375	2.929749
0.0376	4.904623
0.0377	4.909648
0.0378	4.884523
0.0379	4.864422
0.038	4.864422
0.0381	4.859397
0.0382	4.844322
0.0383	4.829246
0.0384	4.804121
0.0385	4.804121
0.0386	4.79407
0.0387	4.789045
0.0388	4.76392
0.0389	4.743819
0.039	4.753869
0.0391	4.758894
0.0392	4.723719
0.0393	4.703618
0.0394	4.703618
0.0395	4.683518
0.0396	4.663417
0.0397	4.663417
0.0398	4.663417
0.0399	4.663417
0.04	4.643317
0.0401	4.638291
0.0402	4.623216
0.0403	4.603116
0.0404	4.603116
0.0405	4.562915
0.0406	4.572965
0.0407	4.56794
0.0408	4.562915
0.0409	4.542814
0.041	4.512663
0.0411	4.517688
0.0412	4.502613
0.0413	4.482513
0.0414	4.482513
0.0415	4.462412
0.0416	4.462412
0.0417	4.442312
0.0418	4.442312
0.0419	4.427236
0.042	4.422211
0.0421	4.412161
0.0422	4.402111
0.0423	4.366935
0.0424	4.38201
0.0425	4.38201
0.0426	4.351859
0.0427	4.341809
0.0428	4.341809
0.0429	4.326734
0.043	4.311658
0.0431	4.296583
0.0432	4.301608
0.0433	4.281508
0.0434	4.261407
0.0435	4.261407
0.0436	4.241307
0.0437	4.226231
0.0438	4.231256
0.0439	4.206131
0.044	4.201106
0.0441	4.170955
0.0442	4.170955
0.0443	4.160905
0.0444	4.160905
0.0445	4.155879
0.0446	4.150854
0.0447	4.125729
0.0448	4.120704
0.0449	4.115678
0.045	4.090553
0.0451	4.075477
0.0452	4.100603
0.0453	4.065427
0.0454	4.060402
0.0455	4.055377
0.0456	4.040302
0.0457	4.015176
0.0458	4.000101
0.0459	4.000101
0.046	4.000101
0.0461	3.98
0.0462	3.9599
0.0463	3.9599
0.0464	3.939799
0.0465	3.949849
0.0466	3.939799
0.0467	3.919699
0.0468	3.899598
0.0469	3.899598
0.047	3.879498
0.0471	3.879498
0.0472	3.879498
0.0473	3.839297
0.0474	3.839297
0.0475	3.834271
0.0476	3.819196
0.0477	3.799095
0.0478	3.809146
0.0479	3.778995
0.048	3.778995
0.0481	3.758894
0.0482	3.768945
0.0483	3.758894
0.0484	3.738794
0.0485	3.738794
0.0486	3.708643
0.0487	3.698593
0.0488	3.698593
0.0489	3.678492
0.049	3.668442
0.0491	3.673467
0.0492	3.678492
0.0493	3.643317
0.0494	3.648342
0.0495	3.633266
0.0496	3.618191
0.0497	3.59809
0.0498	3.58804
0.0499	3.593065
0.05	3.557889
0.0501	3.537789
0.0502	3.557889
0.0503	3.547839
0.0504	3.517688
0.0505	3.502613
0.0506	3.507638
0.0507	3.512663
0.0508	3.477487
0.0509	3.482513
0.051	3.457387
0.0511	3.437286
0.0512	3.457387
0.0513	3.437286
0.0514	3.427236
0.0515	3.412161
0.0516	3.417186
0.0517	3.38201
0.0518	3.376985
0.0519	3.356884
0.052	3.376985
0.0521	3.351859
0.0522	3.356884
0.0523	3.331759
0.0524	3.296583
0.0525	3.286533
0.0526	3.306633
0.0527	3.276482
0.0528	3.276482
0.0529	3.276482
0.053	3.256382
0.0531	3.251357
0.0532	3.236281
0.0533	3.221206
0.0534	3.226231
0.0535	3.221206
0.0536	3.216181
0.0537	3.19608
0.0538	3.17598
0.0539	3.17598
0.054	3.155879
0.0541	3.135779
0.0542	3.145829
0.0543	3.120704
0.0544	3.115678
0.0545	3.095578
0.0546	3.095578
0.0547	3.080503
0.0548	3.075477
0.0549	3.055377
0.055	3.055377
0.0551	3.030251
0.0552	3.035276
0.0553	3.035276
0.0554	3.015176
0.0555	3.005126
0.0556	2.995075
0.0557	2.99005
0.0558	2.974975
0.0559	2.9599
0.056	2.954874
0.0561	2.924724
0.0562	2.934774
0.0563	4.593065
0.0564	4.944824
0.0565	4.889548
0.0566	4.874472
0.0567	4.869447
0.0568	4.864422
0.0569	4.844322
0.057	4.834271
0.0571	4.829246
0.0572	4.824221
0.0573	4.814171
0.0574	4.79407
0.0575	4.768945
0.0576	4.76392
0.0577	4.76392
0.0578	4.753869
0.0579	4.743819
0.058	4.723719
0.0581	4.708643
0.0582	4.693568
0.0583	4.713668
0.0584	4.663417
0.0585	4.648342
0.0586	4.653367
0.0587	4.643317
0.0588	4.623216
0.0589	4.628241
0.059	4.603116
0.0591	4.58804
0.0592	4.583015
0.0593	4.57799
0.0594	4.572965
0.0595	4.557889
0.0596	4.542814
0.0597	4.547839
0.0598	4.522714
0.0599	4.507638
0.06	4.502613
0.0601	4.502613
0.0602	4.472462
0.0603	4.452362
0.0604	4.442312
0.0605	4.442312
0.0606	4.422211
0.0607	4.407136
0.0608	4.422211
0.0609	4.38201
0.061	4.38201
0.0611	4.37196
0.0612	4.36191
0.0613	4.341809
0.0614	4.321709
0.0615	4.336784
0.0616	4.341809
0.0617	4.301608
0.0618	4.301608
0.0619	4.286533
0.062	4.301608
0.0621	4.266432
0.0622	4.271457
0.0623	4.241307
0.0624	4.241307
0.0625	4.221206
0.0626	4.231256
0.0627	4.211156
0.0628	4.181005
0.0629	4.18603
0.063	4.160905
0.0631	4.140804
0.0632	4.160905
0.0633	4.140804
0.0634	4.130754
0.0635	4.120704
0.0636	4.120704
0.0637	4.095578
0.0638	4.080503
0.0639	4.060402
0.064	4.100603
0.0641	4.045327
0.0642	4.040302
0.0643	4.040302
0.0644	4.040302
0.0645	4.005126
0.0646	4.000101
0.0647	4.000101
0.0648	3.98
0.0649	3.964925
0.065	3.9599
0.0651	3.939799
0.0652	3.939799
0.0653	3.939799
0.0654	3.909648
0.0655	3.904623
0.0656	3.919699
0.0657	3.884523
0.0658	3.899598
0.0659	3.874472
0.066	3.859397
0.0661	3.839297
0.0662	3.839297
0.0663	3.834271
0.0664	3.839297
0.0665	3.804121
0.0666	3.799095
0.0667	3.79407
0.0668	3.778995
0.0669	3.77397
0.067	3.748844
0.0671	3.758894
0.0672	3.718693
0.0673	3.733769
0.0674	3.698593
0.0675	3.703618
0.0676	3.698593
0.0677	3.693568
0.0678	3.668442
0.0679	3.648342
0.068	3.638291
0.0681	3.648342
0.0682	3.628241
0.0683	3.623216
0.0684	3.618191
0.0685	3.59809
0.0686	3.58804
0.0687	3.57799
0.0688	3.57799
0.0689	3.557889
0.069	3.527739
0.0691	3.537789
0.0692	3.517688
0.0693	3.517688
0.0694	3.517688
0.0695	3.507638
0.0696	3.477487
0.0697	3.472462
0.0698	3.477487
0.0699	3.442312
0.07	3.437286
0.0701	3.432261
0.0702	3.437286
0.0703	3.407136
0.0704	3.397085
0.0705	3.412161
0.0706	3.397085
0.0707	3.356884
0.0708	3.376985
0.0709	3.341809
0.071	3.346834
0.0711	3.316683
0.0712	3.316683
0.0713	3.311658
0.0714	3.296583
0.0715	3.291558
0.0716	3.296583
0.0717	3.271457
0.0718	3.246332
0.0719	3.236281
0.072	3.236281
0.0721	3.236281
0.0722	3.206131
0.0723	3.216181
0.0724	3.19608
0.0725	3.17598
0.0726	3.16593
0.0727	3.160905
0.0728	3.135779
0.0729	3.155879
0.073	3.135779
0.0731	3.110653
0.0732	3.115678
0.0733	3.095578
0.0734	3.085528
0.0735	3.080503
0.0736	3.055377
0.0737	3.070452
0.0738	3.055377
0.0739	3.050352
0.074	3.035276
0.0741	3.030251
0.0742	3.015176
0.0743	3.010151
0.0744	2.995075
0.0745	2.98
0.0746	2.985025
0.0747	2.96995
0.0748	2.954874
0.0749	2.934774
0.075	2.934774
0.0751	4.9599
0.0752	4.904623
0.0753	4.884523
0.0754	4.884523
0.0755	4.864422
0.0756	4.844322
0.0757	4.844322
0.0758	4.824221
0.0759	4.839296
0.076	4.804121
0.0761	4.79407
0.0762	4.78402
0.0763	4.78402
0.0764	4.78402
0.0765	4.758894
0.0766	4.743819
0.0767	4.738794
0.0768	4.723719
0.0769	4.698593
0.077	4.703618
0.0771	4.688543
0.0772	4.663417
0.0773	4.663417
0.0774	4.653367
0.0775	4.643317
0.0776	4.643317
0.0777	4.603116
0.0778	4.593065
0.0779	4.59809
0.078	4.583015
0.0781	4.583015
0.0782	4.542814
0.0783	4.557889
0.0784	4.522714
0.0785	4.527739
0.0786	4.522714
0.0787	4.507638
0.0788	4.522714
0.0789	4.502613
0.079	4.462412
0.0791	4.477487
0.0792	4.462412
0.0793	4.437286
0.0794	4.422211
0.0795	4.402111
0.0796	4.422211
0.0797	4.402111
0.0798	4.39206
0.0799	4.366935
0.08	4.36191
0.0801	4.36191
0.0802	4.351859
0.0803	4.341809
0.0804	4.301608
0.0805	4.316683
0.0806	4.311658
0.0807	4.301608
0.0808	4.281508
0.0809	4.281508
0.081	4.241307
0.0811	4.241307
0.0812	4.241307
0.0813	4.241307
0.0814	4.201106
0.0815	4.221206
0.0816	4.181005
0.0817	4.181005
0.0818	4.160905
0.0819	4.150854
0.082	4.140804
0.0821	4.155879
0.0822	4.120704
0.0823	4.115678
0.0824	4.120704
0.0825	4.100603
0.0826	4.080503
0.0827	4.095578
0.0828	4.080503
0.0829	4.055377
0.083	4.040302
0.0831	4.040302
0.0832	4.020201
0.0833	4.020201
0.0834	4.010151
0.0835	3.96995
0.0836	3.98
0.0837	3.98
0.0838	3.96995
0.0839	3.944824
0.084	3.939799
0.0841	3.939799
0.0842	3.929749
0.0843	3.919699
0.0844	3.899598
0.0845	3.909648
0.0846	3.879498
0.0847	3.859397
0.0848	3.839297
0.0849	3.844322
0.085	3.829246
0.0851	3.819196
0.0852	3.819196
0.0853	3.819196
0.0854	3.799095
0.0855	3.78402
0.0856	3.778995
0.0857	3.76392
0.0858	3.768945
0.0859	3.743819
0.086	3.758894
0.0861	3.733769
0.0862	3.708643
0.0863	3.703618
0.0864	3.698593
0.0865	3.678492
0.0866	3.658392
0.0867	3.658392
0.0868	3.638291
0.0869	3.638291
0.087	3.618191
0.0871	3.618191
0.0872	3.59809
0.0873	3.59809
0.0874	3.58804
0.0875	3.56794
0.0876	3.557889
0.0877	3.552864
0.0878	3.547839
0.0879	3.517688
0.088	3.517688
0.0881	3.517688
0.0882	3.507638
0.0883	3.497588
0.0884	3.477487
0.0885	3.477487
0.0886	3.467437
0.0887	3.472462
0.0888	3.437286
0.0889	3.432261
0.089	3.407136
0.0891	3.412161
0.0892	3.397085
0.0893	3.38201
0.0894	3.376985
0.0895	3.356884
0.0896	3.356884
0.0897	3.336784
0.0898	3.326734
0.0899	3.316683
0.09	3.316683
0.0901	3.296583
0.0902	3.286533
0.0903	3.291558
0.0904	3.256382
0.0905	3.261407
0.0906	3.266432
0.0907	3.256382
0.0908	3.236281
0.0909	3.216181
0.091	3.216181
0.0911	3.191055
0.0912	3.19608
0.0913	3.17598
0.0914	3.16593
0.0915	3.170955
0.0916	3.155879
0.0917	3.140804
0.0918	3.135779
0.0919	3.100603
0.092	3.095578
0.0921	3.115678
0.0922	3.075477
0.0923	3.095578
0.0924	3.075477
0.0925	3.065427
0.0926	3.055377
0.0927	3.035276
0.0928	3.015176
0.0929	3.015176
0.093	3.015176
0.0931	2.995075
0.0932	2.995075
0.0933	2.9599
0.0934	2.954874
0.0935	2.954874
0.0936	2.954874
0.0937	2.939799
0.0938	2.924724
0.0939	4.929749
0.094	4.904623
0.0941	4.879497
0.0942	4.894573
0.0943	4.849347
0.0944	4.844322
0.0945	4.829246
0.0946	4.834271
0.0947	4.829246
0.0948	4.824221
0.0949	4.804121
0.095	4.78402
0.0951	4.768945
0.0952	4.743819
0.0953	4.758894
0.0954	4.743819
0.0955	4.718693
0.0956	4.703618
0.0957	4.723719
0.0958	4.703618
0.0959	4.703618
0.096	4.643317
0.0961	4.663417
0.0962	4.663417
0.0963	4.638291
0.0964	4.623216
0.0965	4.623216
0.0966	4.603116
0.0967	4.583015
0.0968	4.603116
0.0969	4.57799
0.097	4.562915
0.0971	4.542814
0.0972	4.542814
0.0973	4.527739
0.0974	4.512663
0.0975	4.492563
0.0976	4.502613
0.0977	4.482513
0.0978	4.482513
0.0979	4.447337
0.098	4.462412
0.0981	4.437286
0.0982	4.412161
0.0983	4.407136
0.0984	4.402111
0.0985	4.387035
0.0986	4.39206
0.0987	4.38201
0.0988	4.36191
0.0989	4.341809
0.099	4.351859
0.0991	4.326734
0.0992	4.321709
0.0993	4.306633
0.0994	4.291558
0.0995	4.286533
0.0996	4.281508
0.0997	4.261407
0.0998	4.281508
0.0999	4.246332
