-0.0025	3.256482458
-0.0024975	3.236381955
-0.002495	3.246432207
-0.0024925	3.236381955
-0.00249	3.236381955
-0.0024875	3.241407081
-0.002485	3.236381955
-0.0024825	3.23135683
-0.00248	3.216281453
-0.0024775	3.221306579
-0.002475	3.206231202
-0.0024725	3.216281453
-0.00247	3.196180951
-0.0024675	3.211256328
-0.002465	3.216281453
-0.0024625	3.216281453
-0.00246	3.216281453
-0.0024575	3.196180951
-0.002455	3.196180951
-0.0024525	3.196180951
-0.00245	3.196180951
-0.0024475	3.196180951
-0.002445	3.196180951
-0.0024425	3.196180951
-0.00244	3.176080449
-0.0024375	3.191155825
-0.002435	3.196180951
-0.0024325	3.176080449
-0.00243	3.176080449
-0.0024275	3.176080449
-0.002425	3.1861307
-0.0024225	3.155979946
-0.00242	3.176080449
-0.0024175	3.191155825
-0.002415	3.155979946
-0.0024125	3.155979946
-0.00241	3.176080449
-0.0024075	3.171055323
-0.002405	3.155979946
-0.0024025	3.130854318
-0.0024	3.155979946
-0.0023975	3.155979946
-0.002395	3.135879444
-0.0023925	3.125829193
-0.00239	3.135879444
-0.0023875	3.135879444
-0.002385	3.135879444
-0.0023825	3.120804067
-0.00238	3.135879444
-0.0023775	3.135879444
-0.002375	3.115778942
-0.0023725	3.120804067
-0.00237	3.115778942
-0.0023675	3.100703565
-0.002365	3.105728691
-0.0023625	3.115778942
-0.00236	3.095678439
-0.0023575	3.110753816
-0.002355	3.105728691
-0.0023525	3.100703565
-0.00235	3.095678439
-0.0023475	3.095678439
-0.002345	3.095678439
-0.0023425	3.100703565
-0.00234	3.075577937
-0.0023375	3.100703565
-0.002335	3.075577937
-0.0023325	3.080603063
-0.00233	3.095678439
-0.0023275	3.080603063
-0.002325	3.075577937
-0.0023225	3.070552811
-0.00232	3.095678439
-0.0023175	3.090653314
-0.002315	3.075577937
-0.0023125	3.075577937
-0.00231	3.035376932
-0.0023075	3.075577937
-0.002305	3.065527686
-0.0023025	3.035376932
-0.0023	3.055477435
-0.0022975	3.070552811
-0.002295	3.055477435
-0.0022925	3.045427184
-0.00229	3.01527643
-0.0022875	3.050452309
-0.002285	3.045427184
-0.0022825	3.050452309
-0.00228	3.035376932
-0.0022775	3.035376932
-0.002275	3.045427184
-0.0022725	3.020301556
-0.00227	3.01527643
-0.0022675	3.01527643
-0.002265	3.025326681
-0.0022625	3.01527643
-0.00226	3.035376932
-0.0022575	3.030351807
-0.002255	3.01527643
-0.0022525	2.990150802
-0.00225	3.01527643
-0.0022475	3.01527643
-0.002245	3.005226179
-0.0022425	2.995175928
-0.00224	3.01527643
-0.0022375	2.995175928
-0.002235	3.005226179
-0.0022325	2.995175928
-0.00223	2.995175928
-0.0022275	2.995175928
-0.002225	2.975075426
-0.0022225	2.990150802
-0.00222	3.01527643
-0.0022175	2.975075426
-0.002215	2.975075426
-0.0022125	2.975075426
-0.00221	2.975075426
-0.0022075	2.954974923
-0.002205	2.954974923
-0.0022025	2.975075426
-0.0022	2.975075426
-0.0021975	2.975075426
-0.002195	2.965025174
-0.0021925	2.9700503
-0.00219	2.954974923
-0.0021875	2.975075426
-0.002185	2.944924672
-0.0021825	2.954974923
-0.00218	2.934874421
-0.0021775	2.960000049
-0.002175	2.944924672
-0.0021725	2.949949798
-0.00217	2.934874421
-0.0021675	2.919799044
-0.002165	2.914773919
-0.0021625	2.929849295
-0.00216	2.934874421
-0.0021575	2.914773919
-0.002155	2.914773919
-0.0021525	2.899698542
-0.00215	2.914773919
-0.0021475	2.899698542
-0.002145	2.914773919
-0.0021425	2.914773919
-0.00214	3.417286476
-0.0021375	4.005226168
-0.002135	4.512763851
-0.0021325	4.944924651
-0.00213	4.965025153
-0.0021275	4.929849274
-0.002125	4.954974902
-0.0021225	4.939899525
-0.00212	4.924824148
-0.0021175	4.909748772
-0.002115	4.924824148
-0.0021125	4.924824148
-0.00211	4.924824148
-0.0021075	4.894673395
-0.002105	4.904723646
-0.0021025	4.904723646
-0.0021	4.884623144
-0.0020975	4.889648269
-0.002095	4.884623144
-0.0020925	4.899698521
-0.00209	4.904723646
-0.0020875	4.869547767
-0.002085	4.884623144
-0.0020825	4.884623144
-0.00208	4.884623144
-0.0020775	4.884623144
-0.002075	4.874572893
-0.0020725	4.859497516
-0.00207	4.864522642
-0.0020675	4.864522642
-0.002065	4.85447239
-0.0020625	4.864522642
-0.00206	4.824321637
-0.0020575	4.844422139
-0.002055	4.85447239
-0.0020525	4.859497516
-0.00205	4.844422139
-0.0020475	4.839397014
-0.002045	4.814271386
-0.0020425	4.824321637
-0.00204	4.824321637
-0.0020375	4.834371888
-0.002035	4.834371888
-0.0020325	4.844422139
-0.00203	4.804221135
-0.0020275	4.824321637
-0.002025	4.814271386
-0.0020225	4.819296511
-0.00202	4.804221135
-0.0020175	4.819296511
-0.002015	4.784120632
-0.0020125	4.804221135
-0.00201	4.784120632
-0.0020075	4.804221135
-0.002005	4.784120632
-0.0020025	4.784120632
-0.002	4.784120632
-0.0019975	4.799196009
-0.001995	4.804221135
-0.0019925	4.784120632
-0.00199	4.784120632
-0.0019875	4.779095507
-0.001985	4.753969879
-0.0019825	4.784120632
-0.00198	4.76402013
-0.0019775	4.769045256
-0.001975	4.774070381
-0.0019725	4.774070381
-0.00197	4.76402013
-0.0019675	4.76402013
-0.001965	4.753969879
-0.0019625	4.758995004
-0.00196	4.743919628
-0.0019575	4.743919628
-0.001955	4.743919628
-0.0019525	4.738894502
-0.00195	4.743919628
-0.0019475	4.758995004
-0.001945	4.733869377
-0.0019425	4.738894502
-0.00194	4.743919628
-0.0019375	4.738894502
-0.001935	4.723819125
-0.0019325	4.738894502
-0.00193	4.703718623
-0.0019275	4.718794
-0.001925	4.703718623
-0.0019225	4.718794
-0.00192	4.723819125
-0.0019175	4.713768874
-0.001915	4.723819125
-0.0019125	4.683618121
-0.00191	4.683618121
-0.0019075	4.698693498
-0.001905	4.693668372
-0.0019025	4.703718623
-0.0019	4.683618121
-0.0018975	4.678592995
-0.001895	4.683618121
-0.0018925	4.683618121
-0.00189	4.663517619
-0.0018875	4.688643246
-0.001885	4.67356787
-0.0018825	4.67356787
-0.00188	4.683618121
-0.0018775	4.668542744
-0.001875	4.663517619
-0.0018725	4.648442242
-0.00187	4.683618121
-0.0018675	4.648442242
-0.001865	4.653467367
-0.0018625	4.658492493
-0.00186	4.663517619
-0.0018575	4.643417116
-0.001855	4.653467367
-0.0018525	4.643417116
-0.00185	4.643417116
-0.0018475	4.643417116
-0.001845	4.633366865
-0.0018425	4.643417116
-0.00184	4.623316614
-0.0018375	4.638391991
-0.001835	4.633366865
-0.0018325	4.603216112
-0.00183	4.623316614
-0.0018275	4.623316614
-0.001825	4.623316614
-0.0018225	4.623316614
-0.00182	4.603216112
-0.0018175	4.623316614
-0.001815	4.623316614
-0.0018125	4.603216112
-0.00181	4.623316614
-0.0018075	4.588140735
-0.001805	4.593165861
-0.0018025	4.608241237
-0.0018	4.603216112
-0.0017975	4.583115609
-0.001795	4.593165861
-0.0017925	4.598190986
-0.00179	4.583115609
-0.0017875	4.563015107
-0.001785	4.573065358
-0.0017825	4.59316586
-0.00178	4.563015107
-0.0017775	4.568040233
-0.001775	4.583115609
-0.0017725	4.578090484
-0.00177	4.563015107
-0.0017675	4.552964856
-0.001765	4.542914605
-0.0017625	4.563015107
-0.00176	4.542914605
-0.0017575	4.542914605
-0.001755	4.552964856
-0.0017525	4.542914605
-0.00175	4.542914605
-0.0017475	4.537889479
-0.001745	4.552964856
-0.0017425	4.54793973
-0.00174	4.522814102
-0.0017375	4.522814102
-0.001735	4.522814102
-0.0017325	4.527839228
-0.00173	4.5027136
-0.0017275	4.522814102
-0.001725	4.532864354
-0.0017225	4.517788977
-0.00172	4.522814102
-0.0017175	4.522814102
-0.001715	4.522814102
-0.0017125	4.517788977
-0.00171	4.5027136
-0.0017075	4.507738726
-0.001705	4.5027136
-0.0017025	4.5027136
-0.0017	4.482613098
-0.0016975	4.482613098
-0.001695	4.472562847
-0.0016925	4.497688475
-0.00169	4.482613098
-0.0016875	4.482613098
-0.001685	4.492663349
-0.0016825	4.482613098
-0.00168	4.482613098
-0.0016775	4.482613098
-0.001675	4.482613098
-0.0016725	4.487638223
-0.00167	4.482613098
-0.0016675	4.462512596
-0.001665	4.472562847
-0.0016625	4.477587972
-0.00166	4.442412093
-0.0016575	4.462512596
-0.001655	4.462512596
-0.0016525	4.462512596
-0.00165	4.442412093
-0.0016475	4.462512596
-0.001645	4.452462344
-0.0016425	4.437386968
-0.00164	4.462512596
-0.0016375	4.447437219
-0.001635	4.442412093
-0.0016325	4.442412093
-0.00163	4.422311591
-0.0016275	4.437386968
-0.001625	4.41226134
-0.0016225	4.41226134
-0.00162	4.402211089
-0.0016175	4.422311591
-0.001615	4.41226134
-0.0016125	4.402211089
-0.00161	4.422311591
-0.0016075	4.387135712
-0.001605	4.41226134
-0.0016025	4.387135712
-0.0016	4.382110586
-0.0015975	4.407236214
-0.001595	4.392160838
-0.0015925	4.397185963
-0.00159	4.402211089
-0.0015875	4.387135712
-0.001585	4.372060335
-0.0015825	4.382110586
-0.00158	4.382110586
-0.0015775	4.382110586
-0.001575	4.382110586
-0.0015725	4.362010084
-0.00157	4.362010084
-0.0015675	4.377085461
-0.001565	4.362010084
-0.0015625	4.377085461
-0.00156	4.362010084
-0.0015575	4.377085461
-0.001555	4.362010084
-0.0015525	4.377085461
-0.00155	4.32180908
-0.0015475	4.346934707
-0.001545	4.362010084
-0.0015425	4.346934707
-0.00154	4.362010084
-0.0015375	4.346934707
-0.001535	4.341909582
-0.0015325	4.341909582
-0.00153	4.341909582
-0.0015275	4.341909582
-0.001525	4.321809079
-0.0015225	4.321809079
-0.00152	4.321809079
-0.0015175	4.321809079
-0.001515	4.321809079
-0.0015125	4.326834205
-0.00151	4.301708577
-0.0015075	4.321809079
-0.001505	4.301708577
-0.0015025	4.321809079
-0.0015	4.301708577
-0.0014975	4.316783954
-0.001495	4.301708577
-0.0014925	4.296683452
-0.00149	4.301708577
-0.0014875	4.281608075
-0.001485	4.291658326
-0.0014825	4.2866332
-0.00148	4.281608075
-0.0014775	4.296683452
-0.001475	4.301708577
-0.0014725	4.281608075
-0.00147	4.281608075
-0.0014675	4.281608075
-0.001465	4.271557824
-0.0014625	4.261507573
-0.00146	4.281608075
-0.0014575	4.276582949
-0.001455	4.261507573
-0.0014525	4.256482447
-0.00145	4.261507573
-0.0014475	4.256482447
-0.001445	4.251457321
-0.0014425	4.256482447
-0.00144	4.261507573
-0.0014375	4.24140707
-0.001435	4.261507573
-0.0014325	4.246432196
-0.00143	4.221306568
-0.0014275	4.24140707
-0.001425	4.221306568
-0.0014225	4.251457321
-0.00142	4.201206066
-0.0014175	4.221306568
-0.001415	4.221306568
-0.0014125	4.221306568
-0.00141	4.221306568
-0.0014075	4.231356819
-0.001405	4.221306568
-0.0014025	4.221306568
-0.0014	4.221306568
-0.0013975	4.221306568
-0.001395	4.221306568
-0.0013925	4.216281442
-0.00139	4.201206066
-0.0013875	4.201206066
-0.001385	4.191155815
-0.0013825	4.201206066
-0.00138	4.201206066
-0.0013775	4.186130689
-0.001375	4.191155815
-0.0013725	4.186130689
-0.00137	4.201206066
-0.0013675	4.166030187
-0.001365	4.161005061
-0.0013625	4.166030187
-0.00136	4.161005061
-0.0013575	4.191155815
-0.001355	4.171055312
-0.0013525	4.145929684
-0.00135	4.181105563
-0.0013475	4.155979936
-0.001345	4.15095481
-0.0013425	4.15095481
-0.00134	4.161005061
-0.0013375	4.161005061
-0.001335	4.161005061
-0.0013325	4.161005061
-0.00133	4.181105563
-0.0013275	4.161005061
-0.001325	4.15095481
-0.0013225	4.155979936
-0.00132	4.140904559
-0.0013175	4.140904559
-0.001315	4.140904559
-0.0013125	4.135879433
-0.00131	4.120804057
-0.0013075	4.120804057
-0.001305	4.110753805
-0.0013025	4.10572868
-0.0013	4.120804057
-0.0012975	4.10572868
-0.001295	4.110753805
-0.0012925	4.130854308
-0.00129	4.120804057
-0.0012875	4.085628177
-0.001285	4.110753805
-0.0012825	4.090653303
-0.00128	4.120804057
-0.0012775	4.070552801
-0.001275	4.080603052
-0.0012725	4.120804057
-0.00127	4.080603052
-0.0012675	4.065527675
-0.001265	4.100703554
-0.0012625	4.065527675
-0.00126	4.100703554
-0.0012575	4.075577926
-0.001255	4.070552801
-0.0012525	4.075577926
-0.00125	4.040402047
-0.0012475	4.06050255
-0.001245	4.050452298
-0.0012425	4.06050255
-0.00124	4.040402047
-0.0012375	4.075577926
-0.001235	4.050452298
-0.0012325	4.040402047
-0.00123	4.06050255
-0.0012275	4.045427173
-0.001225	4.050452298
-0.0012225	4.040402047
-0.00122	4.020301545
-0.0012175	4.020301545
-0.001215	4.06050255
-0.0012125	4.020301545
-0.00121	4.020301545
-0.0012075	4.035376922
-0.001205	4.030351796
-0.0012025	4.020301545
-0.0012	4.020301545
-0.0011975	4.020301545
-0.001195	4.010251294
-0.0011925	4.025326671
-0.00119	4.020301545
-0.0011875	4.020301545
-0.001185	4.000201043
-0.0011825	4.000201043
-0.00118	4.000201043
-0.0011775	4.005226168
-0.001175	4.020301545
-0.0011725	4.000201043
-0.00117	4.000201043
-0.0011675	3.995175917
-0.001165	3.990150792
-0.0011625	4.000201043
-0.00116	4.000201043
-0.0011575	4.000201043
-0.001155	3.98010054
-0.0011525	3.995175917
-0.00115	3.960000038
-0.0011475	3.975075415
-0.001145	3.98010054
-0.0011425	3.965025164
-0.00114	3.98010054
-0.0011375	3.975075415
-0.001135	3.970050289
-0.0011325	3.990150792
-0.00113	3.960000038
-0.0011275	3.975075415
-0.001125	3.960000038
-0.0011225	3.944924661
-0.00112	3.939899536
-0.0011175	3.954974913
-0.001115	3.929849285
-0.0011125	3.939899536
-0.00111	3.939899536
-0.0011075	3.939899536
-0.001105	3.929849285
-0.0011025	3.939899536
-0.0011	3.919799034
-0.0010975	3.924824159
-0.001095	3.929849285
-0.0010925	3.93487441
-0.00109	3.939899536
-0.0010875	3.939899536
-0.001085	3.929849285
-0.0010825	3.919799034
-0.00108	3.899698531
-0.0010775	3.919799034
-0.001075	3.899698531
-0.0010725	3.899698531
-0.00107	3.879598029
-0.0010675	3.899698531
-0.001065	3.899698531
-0.0010625	3.894673406
-0.00106	3.899698531
-0.0010575	3.884623155
-0.001055	3.899698531
-0.0010525	3.899698531
-0.00105	3.899698531
-0.0010475	3.879598029
-0.001045	3.879598029
-0.0010425	3.884623155
-0.00104	3.879598029
-0.0010375	3.879598029
-0.001035	3.869547778
-0.0010325	3.884623155
-0.00103	3.859497527
-0.0010275	3.84442215
-0.001025	3.859497527
-0.0010225	3.859497527
-0.00102	3.859497527
-0.0010175	3.864522652
-0.001015	3.869547778
-0.0010125	3.84442215
-0.00101	3.839397024
-0.0010075	3.874572903
-0.001005	3.859497527
-0.0010025	3.859497527
-0.001	3.839397024
-0.0009975	3.864522652
-0.000995	3.829346773
-0.0009925	3.824321648
-0.00099	3.839397024
-0.0009875	3.834371899
-0.000985	3.839397024
-0.0009825	3.824321648
-0.00098	3.79919602
-0.0009775	3.814271397
-0.000975	3.819296522
-0.0009725	3.819296522
-0.00097	3.839397024
-0.0009675	3.819296522
-0.000965	3.809246271
-0.0009625	3.804221145
-0.00096	3.79919602
-0.0009575	3.784120643
-0.000955	3.79919602
-0.0009525	3.784120643
-0.00095	3.79919602
-0.0009475	3.804221145
-0.000945	3.79919602
-0.0009425	3.79919602
-0.00094	3.79919602
-0.0009375	3.779095517
-0.000935	3.779095517
-0.0009325	3.779095517
-0.00093	3.758995015
-0.0009275	3.764020141
-0.000925	3.769045266
-0.0009225	3.779095517
-0.00092	3.738894513
-0.0009175	3.758995015
-0.000915	3.769045266
-0.0009125	3.774070392
-0.00091	3.758995015
-0.0009075	3.743919638
-0.000905	3.758995015
-0.0009025	3.769045266
-0.0009	3.758995015
-0.0008975	3.728844262
-0.000895	3.758995015
-0.0008925	3.743919638
-0.00089	3.738894513
-0.0008875	3.743919638
-0.000885	3.728844262
-0.0008825	3.743919638
-0.00088	3.758995015
-0.0008775	3.703718634
-0.000875	3.718794011
-0.0008725	3.718794011
-0.00087	3.718794011
-0.0008675	3.718794011
-0.000865	3.708743759
-0.0008625	3.703718634
-0.00086	3.718794011
-0.0008575	3.713768885
-0.000855	3.708743759
-0.0008525	3.688643257
-0.00085	3.698693508
-0.0008475	3.708743759
-0.000845	3.688643257
-0.0008425	3.693668383
-0.00084	3.698693508
-0.0008375	3.678593006
-0.000835	3.698693508
-0.0008325	3.693668383
-0.00083	3.678593006
-0.0008275	3.668542755
-0.000825	3.678593006
-0.0008225	3.663517629
-0.00082	3.678593006
-0.0008175	3.693668383
-0.000815	3.678593006
-0.0008125	3.663517629
-0.00081	3.678593006
-0.0008075	3.663517629
-0.000805	3.648442253
-0.0008025	3.663517629
-0.0008	3.658492504
-0.0007975	3.658492504
-0.000795	3.638392001
-0.0007925	3.62834175
-0.00079	3.638392001
-0.0007875	3.643417127
-0.000785	3.638392001
-0.0007825	3.648442253
-0.00078	3.638392001
-0.0007775	3.623316625
-0.000775	3.638392001
-0.0007725	3.623316625
-0.00077	3.638392001
-0.0007675	3.633366876
-0.000765	3.62834175
-0.0007625	3.618291499
-0.00076	3.618291499
-0.0007575	3.613266374
-0.000755	3.618291499
-0.0007525	3.588140746
-0.00075	3.578090494
-0.0007475	3.618291499
-0.000745	3.578090494
-0.0007425	3.598190997
-0.00074	3.598190997
-0.0007375	3.593165871
-0.000735	3.588140746
-0.0007325	3.598190997
-0.00073	3.598190997
-0.0007275	3.598190997
-0.000725	3.588140746
-0.0007225	3.573065369
-0.00072	3.578090494
-0.0007175	3.578090494
-0.000715	3.578090495
-0.0007125	3.557989992
-0.00071	3.598190997
-0.0007075	3.557989992
-0.000705	3.568040243
-0.0007025	3.557989992
-0.0007	3.557989992
-0.0006975	3.542914615
-0.000695	3.578090494
-0.0006925	3.547939741
-0.00069	3.557989992
-0.0006875	3.557989992
-0.000685	3.547939741
-0.0006825	3.578090494
-0.00068	3.53788949
-0.0006775	3.53788949
-0.000675	3.527839239
-0.0006725	3.53788949
-0.00067	3.53788949
-0.0006675	3.522814113
-0.000665	3.527839239
-0.0006625	3.53788949
-0.00066	3.517788988
-0.0006575	3.517788988
-0.000655	3.517788988
-0.0006525	3.512763862
-0.00065	3.517788988
-0.0006475	3.517788988
-0.000645	3.507738736
-0.0006425	3.487638234
-0.00064	3.517788988
-0.0006375	3.502713611
-0.000635	3.507738736
-0.0006325	3.49266336
-0.00063	3.497688485
-0.0006275	3.49266336
-0.000625	3.487638234
-0.0006225	3.462512606
-0.00062	3.497688485
-0.0006175	3.49266336
-0.000615	3.487638234
-0.0006125	3.477587983
-0.00061	3.477587983
-0.0006075	3.477587983
-0.000605	3.44743723
-0.0006025	3.477587983
-0.0006	3.457487481
-0.0005975	3.457487481
-0.000595	3.467537732
-0.0005925	3.472562857
-0.00059	3.457487481
-0.0005875	3.457487481
-0.000585	3.457487481
-0.0005825	3.457487481
-0.00058	3.457487481
-0.0005775	3.457487481
-0.000575	3.417286476
-0.0005725	3.422311602
-0.00057	3.437386978
-0.0005675	3.437386978
-0.000565	3.427336727
-0.0005625	3.452462355
-0.00056	3.437386978
-0.0005575	3.422311602
-0.000555	3.417286476
-0.0005525	3.402211099
-0.00055	3.417286476
-0.0005475	3.417286476
-0.000545	3.417286476
-0.0005425	3.412261351
-0.00054	3.397185974
-0.0005375	3.407236225
-0.000535	3.407236225
-0.0005325	3.412261351
-0.00053	3.397185974
-0.0005275	3.397185974
-0.000525	3.397185974
-0.0005225	3.382110597
-0.00052	3.397185974
-0.0005175	3.392160848
-0.000515	3.377085472
-0.0005125	3.392160848
-0.00051	3.377085472
-0.0005075	3.377085472
-0.000505	3.36703522
-0.0005025	3.387135723
-0.0005	3.377085472
-0.0004975	3.392160848
-0.000495	3.377085472
-0.0004925	3.377085472
-0.00049	3.377085472
-0.0004875	3.372060346
-0.000485	3.356984969
-0.0004825	3.377085472
-0.00048	3.377085472
-0.0004775	3.356984969
-0.000475	3.346934718
-0.0004725	3.356984969
-0.00047	3.336884467
-0.0004675	3.351959844
-0.000465	3.346934718
-0.0004625	3.331859341
-0.00046	3.336884467
-0.0004575	3.331859341
-0.000455	3.326834216
-0.0004525	3.32180909
-0.00045	3.336884467
-0.0004475	3.326834216
-0.000445	3.326834216
-0.0004425	3.331859341
-0.00044	3.296683462
-0.0004375	3.306733713
-0.000435	3.316783965
-0.0004325	3.311758839
-0.00043	3.296683462
-0.0004275	3.311758839
-0.000425	3.306733714
-0.0004225	3.291658337
-0.00042	3.296683462
-0.0004175	3.281608086
-0.000415	3.296683462
-0.0004125	3.311758839
-0.00041	3.27658296
-0.0004075	3.286633211
-0.000405	3.27658296
-0.0004025	3.27658296
-0.0004	3.256482458
-0.0003975	3.27658296
-0.000395	3.27658296
-0.0003925	3.281608086
-0.00039	3.256482458
-0.0003875	3.261507583
-0.000385	3.286633211
-0.0003825	3.236381955
-0.00038	3.256482458
-0.0003775	3.271557834
-0.000375	3.256482458
-0.0003725	3.241407081
-0.00037	3.256482458
-0.0003675	3.241407081
-0.000365	3.226331704
-0.0003625	3.256482458
-0.00036	3.216281453
-0.0003575	3.236381955
-0.000355	3.236381955
-0.0003525	3.236381955
-0.00035	3.216281453
-0.0003475	3.236381955
-0.000345	3.246432207
-0.0003425	3.206231202
-0.00034	3.216281453
-0.0003375	3.216281453
-0.000335	3.226331704
-0.0003325	3.201206076
-0.00033	3.216281453
-0.0003275	3.216281453
-0.000325	3.206231202
-0.0003225	3.191155825
-0.00032	3.196180951
-0.0003175	3.211256328
-0.000315	3.196180951
-0.0003125	3.196180951
-0.00031	3.196180951
-0.0003075	3.201206076
-0.000305	3.176080449
-0.0003025	3.181105574
-0.0003	3.176080449
-0.0002975	3.191155825
-0.000295	3.166030197
-0.0002925	3.196180951
-0.00029	3.176080449
-0.0002875	3.176080449
-0.000285	3.176080449
-0.0002825	3.161005072
-0.00028	3.176080449
-0.0002775	3.171055323
-0.000275	3.166030197
-0.0002725	3.150954821
-0.00027	3.135879444
-0.0002675	3.166030197
-0.000265	3.155979946
-0.0002625	3.135879444
-0.00026	3.155979946
-0.0002575	3.14090457
-0.000255	3.145929695
-0.0002525	3.135879444
-0.00025	3.155979946
-0.0002475	3.135879444
-0.000245	3.125829193
-0.0002425	3.130854318
-0.00024	3.135879444
-0.0002375	3.130854318
-0.000235	3.135879444
-0.0002325	3.115778942
-0.00023	3.115778942
-0.0002275	3.150954821
-0.000225	3.115778942
-0.0002225	3.095678439
-0.00022	3.095678439
-0.0002175	3.100703565
-0.000215	3.105728691
-0.0002125	3.095678439
-0.00021	3.075577937
-0.0002075	3.095678439
-0.000205	3.10572869
-0.0002025	3.095678439
-0.0002	3.095678439
-0.0001975	3.080603063
-0.000195	3.105728691
-0.0001925	3.095678439
-0.00019	3.075577937
-0.0001875	3.075577937
-0.000185	3.085628188
-0.0001825	3.070552811
-0.00018	3.095678439
-0.0001775	3.055477435
-0.000175	3.065527686
-0.0001725	3.075577937
-0.00017	3.055477435
-0.0001675	3.050452309
-0.000165	3.055477435
-0.0001625	3.070552811
-0.00016	3.055477435
-0.0001575	3.035376932
-0.000155	3.075577937
-0.0001525	3.030351807
-0.00015	3.055477435
-0.0001475	3.035376932
-0.000145	3.045427184
-0.0001425	3.050452309
-0.00014	3.055477435
-0.0001375	3.030351807
-0.000135	3.035376932
-0.0001325	3.020301556
-0.00013	2.995175928
-0.0001275	3.020301556
-0.000125	3.01527643
-0.0001225	3.050452309
-0.00012	3.01527643
-0.0001175	2.995175928
-0.000115	3.005226179
-0.0001125	3.01527643
-0.00011	2.995175928
-0.0001075	2.995175928
-0.000105	3.005226179
-0.0001025	3.000201053
-0.0001	2.995175928
-0.0000975	2.980100551
-0.000095	3.005226179
-0.0000925	2.980100551
-0.00009	2.995175928
-0.0000875	2.960000049
-0.000085	2.975075426
-0.0000825	2.985125677
-0.00008	2.995175928
-0.0000775	2.980100551
-0.000075	2.975075426
-0.0000725	2.985125677
-0.00007	2.975075426
-0.0000675	2.9700503
-0.000065	2.954974923
-0.0000625	2.9700503
-0.00006	2.954974923
-0.0000575	2.9700503
-0.000055	2.965025174
-0.0000525	2.944924672
-0.00005	2.954974923
-0.0000475	2.949949798
-0.000045	2.934874421
-0.0000425	2.939899547
-0.00004	2.934874421
-0.0000375	2.954974923
-0.000035	2.944924672
-0.0000325	2.939899547
-0.00003	2.954974923
-0.0000275	2.934874421
-0.000025	2.934874421
-0.0000225	2.919799044
-0.00002	2.934874421
-0.0000175	2.909748793
-0.000015	2.92482417
-0.0000125	2.909748793
-0.00001	2.934874421
-0.0000075	2.914773919
-0.000005	2.904723668
-0.0000025	3.36703522
0	3.960000038
0.0000025	4.482613098
0.000005	4.944924651
0.0000075	4.949949776
0.00001	4.944924651
0.0000125	4.939899525
0.000015	4.9348744
0.0000175	4.929849274
0.00002	4.944924651
0.0000225	4.939899525
0.000025	4.914773897
0.0000275	4.904723646
0.00003	4.904723646
0.0000325	4.904723646
0.000035	4.904723646
0.0000375	4.899698521
0.00004	4.904723646
0.0000425	4.889648269
0.000045	4.894673395
0.0000475	4.879598018
0.00005	4.884623144
0.0000525	4.894673395
0.000055	4.884623144
0.0000575	4.864522642
0.00006	4.884623144
0.0000625	4.864522642
0.000065	4.864522642
0.0000675	4.874572893
0.00007	4.864522642
0.0000725	4.85447239
0.000075	4.864522642
0.0000775	4.859497516
0.00008	4.864522642
0.0000825	4.844422139
0.000085	4.844422139
0.0000875	4.85447239
0.00009	4.844422139
0.0000925	4.844422139
0.000095	4.814271386
0.0000975	4.844422139
0.0001	4.824321637
0.0001025	4.829346762
0.000105	4.814271386
0.0001075	4.834371888
0.00011	4.804221135
0.0001125	4.824321637
0.000115	4.814271386
0.0001175	4.819296511
0.00012	4.804221135
0.0001225	4.819296511
0.000125	4.794170883
0.0001275	4.804221135
0.00013	4.784120632
0.0001325	4.804221135
0.000135	4.804221135
0.0001375	4.779095507
0.00014	4.804221135
0.0001425	4.774070381
0.000145	4.784120632
0.0001475	4.779095507
0.00015	4.76402013
0.0001525	4.784120632
0.000155	4.774070381
0.0001575	4.76402013
0.00016	4.76402013
0.0001625	4.76402013
0.000165	4.753969879
0.0001675	4.743919628
0.00017	4.743919628
0.0001725	4.758995004
0.000175	4.753969879
0.0001775	4.76402013
0.00018	4.743919628
0.0001825	4.743919628
0.000185	4.743919628
0.0001875	4.733869377
0.00019	4.723819125
0.0001925	4.738894502
0.000195	4.723819125
0.0001975	4.728844251
0.0002	4.723819125
0.0002025	4.738894502
0.000205	4.733869377
0.0002075	4.688643246
0.00021	4.703718623
0.0002125	4.723819125
0.000215	4.713768874
0.0002175	4.703718623
0.00022	4.683618121
0.0002225	4.693668372
0.000225	4.713768874
0.0002275	4.698693498
0.00023	4.703718623
0.0002325	4.698693498
0.000235	4.693668372
0.0002375	4.698693498
0.00024	4.683618121
0.0002425	4.683618121
0.000245	4.693668372
0.0002475	4.693668372
0.00025	4.703718623
0.0002525	4.663517619
0.000255	4.67356787
0.0002575	4.658492493
0.00026	4.663517619
0.0002625	4.658492493
0.000265	4.663517619
0.0002675	4.678592995
0.00027	4.643417116
0.0002725	4.633366865
0.000275	4.663517619
0.0002775	4.658492493
0.00028	4.663517619
0.0002825	4.658492493
0.000285	4.663517619
0.0002875	4.643417116
0.00029	4.643417116
0.0002925	4.62834174
0.000295	4.623316614
0.0002975	4.618291488
0.0003	4.623316614
0.0003025	4.623316614
0.000305	4.633366865
0.0003075	4.623316614
0.00031	4.603216112
0.0003125	4.623316614
0.000315	4.623316614
0.0003175	4.623316614
0.00032	4.623316614
0.0003225	4.588140735
0.000325	4.603216112
0.0003275	4.588140735
0.00033	4.583115609
0.0003325	4.603216112
0.000335	4.603216112
0.0003375	4.603216112
0.00034	4.603216112
0.0003425	4.568040233
0.000345	4.583115609
0.0003475	4.603216112
0.00035	4.563015107
0.0003525	4.568040233
0.000355	4.563015107
0.0003575	4.59316586
0.00036	4.563015107
0.0003625	4.583115609
0.000365	4.573065358
0.0003675	4.578090484
0.00037	4.563015107
0.0003725	4.578090484
0.000375	4.573065358
0.0003775	4.54793973
0.00038	4.563015107
0.0003825	4.563015107
0.000385	4.542914605
0.0003875	4.542914605
0.00039	4.563015107
0.0003925	4.522814102
0.000395	4.532864354
0.0003975	4.542914605
0.0004	4.542914605
0.0004025	4.512763851
0.000405	4.522814102
0.0004075	4.537889479
0.00041	4.522814102
0.0004125	4.517788977
0.000415	4.512763851
0.0004175	4.507738726
0.00042	4.522814102
0.0004225	4.507738726
0.000425	4.512763851
0.0004275	4.497688475
0.00043	4.5027136
0.0004325	4.507738726
0.000435	4.5027136
0.0004375	4.507738726
0.00044	4.482613098
0.0004425	4.467537721
0.000445	4.492663349
0.0004475	4.497688475
0.00045	4.482613098
0.0004525	4.487638223
0.000455	4.472562847
0.0004575	4.482613098
0.00046	4.462512596
0.0004625	4.477587972
0.000465	4.452462344
0.0004675	4.462512596
0.00047	4.462512596
0.0004725	4.462512596
0.000475	4.462512596
0.0004775	4.45748747
0.00048	4.462512596
0.0004825	4.45748747
0.000485	4.452462344
0.0004875	4.45748747
0.00049	4.442412093
0.0004925	4.45748747
0.000495	4.462512596
0.0004975	4.432361842
0.0005	4.482613098
0.0005025	4.437386968
0.000505	4.422311591
0.0005075	4.427336717
0.00051	4.442412093
0.0005125	4.422311591
0.000515	4.432361842
0.0005175	4.422311591
0.00052	4.422311591
0.0005225	4.402211089
0.000525	4.402211089
0.0005275	4.402211089
0.00053	4.422311591
0.0005325	4.402211089
0.000535	4.402211089
0.0005375	4.407236214
0.00054	4.402211089
0.0005425	4.402211089
0.000545	4.402211089
0.0005475	4.417286465
0.00055	4.402211089
0.0005525	4.402211089
0.000555	4.392160838
0.0005575	4.382110586
0.00056	4.402211089
0.0005625	4.382110586
0.000565	4.372060335
0.0005675	4.382110586
0.00057	4.362010084
0.0005725	4.382110586
0.000575	4.372060335
0.0005775	4.362010084
0.00058	4.362010084
0.0005825	4.362010084
0.000585	4.351959833
0.0005875	4.346934707
0.00059	4.341909582
0.0005925	4.346934707
0.000595	4.331859331
0.0005975	4.351959833
0.0006	4.341909582
0.0006025	4.362010084
0.000605	4.331859331
0.0006075	4.326834205
0.00061	4.341909582
0.0006125	4.321809079
0.000615	4.32180908
0.0006175	4.336884456
0.00062	4.32180908
0.0006225	4.326834205
0.000625	4.321809079
0.0006275	4.316783954
0.00063	4.281608075
0.0006325	4.301708577
0.000635	4.301708577
0.0006375	4.301708577
0.00064	4.301708577
0.0006425	4.301708577
0.000645	4.281608075
0.0006475	4.281608075
0.00065	4.301708577
0.0006525	4.296683452
0.000655	4.281608075
0.0006575	4.2866332
0.00066	4.281608075
0.0006625	4.281608075
0.000665	4.281608075
0.0006675	4.261507573
0.00067	4.261507573
0.0006725	4.271557824
0.000675	4.271557824
0.0006775	4.281608075
0.00068	4.281608075
0.0006825	4.281608075
0.000685	4.261507573
0.0006875	4.256482447
0.00069	4.261507573
0.0006925	4.256482447
0.000695	4.24140707
0.0006975	4.256482447
0.0007	4.261507573
0.0007025	4.24140707
0.000705	4.251457321
0.0007075	4.24140707
0.00071	4.24140707
0.0007125	4.226331694
0.000715	4.24140707
0.0007175	4.24140707
0.00072	4.24140707
0.0007225	4.221306568
0.000725	4.231356819
0.0007275	4.221306568
0.00073	4.221306568
0.0007325	4.216281442
0.000735	4.211256317
0.0007375	4.206231191
0.00074	4.201206066
0.0007425	4.216281442
0.000745	4.191155815
0.0007475	4.201206066
0.00075	4.201206066
0.0007525	4.19618094
0.000755	4.211256317
0.0007575	4.19618094
0.00076	4.181105563
0.0007625	4.181105563
0.000765	4.191155815
0.0007675	4.19618094
0.00077	4.181105563
0.0007725	4.176080438
0.000775	4.171055312
0.0007775	4.181105563
0.00078	4.161005061
0.0007825	4.161005061
0.000785	4.171055312
0.0007875	4.161005061
0.00079	4.161005061
0.0007925	4.155979936
0.000795	4.161005061
0.0007975	4.145929684
0.0008	4.140904559
0.0008025	4.161005061
0.000805	4.15095481
0.0008075	4.145929684
0.00081	4.140904559
0.0008125	4.130854308
0.000815	4.140904559
0.0008175	4.125829182
0.00082	4.120804057
0.0008225	4.140904559
0.000825	4.140904559
0.0008275	4.120804057
0.00083	4.120804057
0.0008325	4.120804057
0.000835	4.120804056
0.0008375	4.100703554
0.00084	4.120804057
0.0008425	4.135879433
0.000845	4.110753805
0.0008475	4.090653303
0.00085	4.120804057
0.0008525	4.085628177
0.000855	4.110753805
0.0008575	4.085628178
0.00086	4.100703554
0.0008625	4.080603052
0.000865	4.080603052
0.0008675	4.080603052
0.00087	4.080603052
0.0008725	4.085628177
0.000875	4.080603052
0.0008775	4.075577926
0.00088	4.080603052
0.0008825	4.065527675
0.000885	4.090653303
0.0008875	4.075577926
0.00089	4.040402047
0.0008925	4.075577926
0.000895	4.050452298
0.0008975	4.06050255
0.0009	4.06050255
0.0009025	4.055477424
0.000905	4.070552801
0.0009075	4.055477424
0.00091	4.040402047
0.0009125	4.055477424
0.000915	4.040402047
0.0009175	4.035376922
0.00092	4.040402047
0.0009225	4.020301545
0.000925	4.030351796
0.0009275	4.035376922
0.00093	4.040402047
0.0009325	4.020301545
0.000935	4.020301545
0.0009375	4.040402047
0.00094	4.020301545
0.0009425	4.000201043
0.000945	4.020301545
0.0009475	4.020301545
0.00095	4.000201043
0.0009525	4.020301545
0.000955	4.010251294
0.0009575	4.015276419
0.00096	3.98010054
0.0009625	3.985125666
0.000965	4.000201043
0.0009675	3.985125666
0.00097	4.000201043
0.0009725	3.965025164
0.000975	3.990150792
0.0009775	3.990150792
0.00098	3.98010054
0.0009825	3.98010054
0.000985	3.98010054
0.0009875	4.000201043
0.00099	3.960000038
0.0009925	3.995175917
0.000995	3.960000038
0.0009975	3.960000038
0.001	3.960000038
0.0010025	3.954974913
0.001005	3.960000038
0.0010075	3.949949787
0.00101	3.960000038
0.0010125	3.960000038
0.001015	3.949949787
0.0010175	3.949949787
0.00102	3.960000038
0.0010225	3.924824159
0.001025	3.939899536
0.0010275	3.939899536
0.00103	3.939899536
0.0010325	3.954974913
0.001035	3.939899536
0.0010375	3.939899536
0.00104	3.919799034
0.0010425	3.939899536
0.001045	3.939899536
0.0010475	3.93487441
0.00105	3.899698531
0.0010525	3.909748782
0.001055	3.909748782
0.0010575	3.904723657
0.00106	3.919799034
0.0010625	3.904723657
0.001065	3.909748782
0.0010675	3.904723657
0.00107	3.899698531
0.0010725	3.899698531
0.001075	3.909748782
0.0010775	3.884623155
0.00108	3.879598029
0.0010825	3.884623155
0.001085	3.869547778
0.0010875	3.864522652
0.00109	3.899698531
0.0010925	3.899698531
0.001095	3.879598029
0.0010975	3.874572903
0.0011	3.859497527
0.0011025	3.874572903
0.001105	3.869547778
0.0011075	3.859497527
0.00111	3.879598029
0.0011125	3.859497527
0.001115	3.849447275
0.0011175	3.859497527
0.00112	3.839397024
0.0011225	3.84442215
0.001125	3.859497527
0.0011275	3.839397024
0.00113	3.839397024
0.0011325	3.839397024
0.001135	3.849447275
0.0011375	3.834371899
0.00114	3.839397024
0.0011425	3.824321648
0.001145	3.849447275
0.0011475	3.819296522
0.00115	3.819296522
0.0011525	3.839397024
0.001155	3.819296522
0.0011575	3.819296522
0.00116	3.839397024
0.0011625	3.819296522
0.001165	3.819296522
0.0011675	3.819296522
0.00117	3.79919602
0.0011725	3.79919602
0.001175	3.819296522
0.0011775	3.794170894
0.00118	3.779095517
0.0011825	3.79919602
0.001185	3.79919602
0.0011875	3.79919602
0.00119	3.779095517
0.0011925	3.779095517
0.001195	3.758995015
0.0011975	3.779095517
0.0012	3.758995015
0.0012025	3.79919602
0.001205	3.789145769
0.0012075	3.779095517
0.00121	3.779095517
0.0012125	3.764020141
0.001215	3.769045266
0.0012175	3.758995015
0.00122	3.758995015
0.0012225	3.758995015
0.001225	3.758995015
0.0012275	3.75396989
0.00123	3.758995015
0.0012325	3.774070392
0.001235	3.748944764
0.0012375	3.738894513
0.00124	3.738894513
0.0012425	3.738894513
0.001245	3.748944764
0.0012475	3.723819136
0.00125	3.758995015
0.0012525	3.733869387
0.001255	3.718794011
0.0012575	3.733869387
0.00126	3.738894513
0.0012625	3.743919638
0.001265	3.718794011
0.0012675	3.718794011
0.00127	3.718794011
0.0012725	3.703718634
0.001275	3.698693508
0.0012775	3.703718634
0.00128	3.698693508
0.0012825	3.708743759
0.001285	3.708743759
0.0012875	3.683618132
0.00129	3.678593006
0.0012925	3.693668383
0.001295	3.688643257
0.0012975	3.688643257
0.0013	3.698693508
0.0013025	3.678593006
0.001305	3.688643257
0.0013075	3.678593006
0.00131	3.698693508
0.0013125	3.663517629
0.001315	3.668542755
0.0013175	3.67356788
0.00132	3.678593006
0.0013225	3.658492504
0.001325	3.638392001
0.0013275	3.67356788
0.00133	3.638392001
0.0013325	3.658492504
0.001335	3.658492504
0.0013375	3.643417127
0.00134	3.638392001
0.0013425	3.638392001
0.001345	3.648442253
0.0013475	3.638392001
0.00135	3.638392001
0.0013525	3.633366876
0.001355	3.638392001
0.0013575	3.638392001
0.00136	3.638392001
0.0013625	3.633366876
0.001365	3.618291499
0.0013675	3.623316625
0.00137	3.618291499
0.0013725	3.598190997
0.001375	3.618291499
0.0013775	3.618291499
0.00138	3.598190997
0.0013825	3.613266374
0.001385	3.608241248
0.0013875	3.613266374
0.00139	3.598190997
0.0013925	3.603216122
0.001395	3.588140746
0.0013975	3.588140746
0.0014	3.598190997
0.0014025	3.588140746
0.001405	3.588140746
0.0014075	3.578090494
0.00141	3.598190997
0.0014125	3.578090494
0.001415	3.578090494
0.0014175	3.573065369
0.00142	3.557989992
0.0014225	3.573065369
0.001425	3.568040243
0.0014275	3.557989992
0.00143	3.557989992
0.0014325	3.573065369
0.001435	3.568040243
0.0014375	3.563015118
0.00144	3.53788949
0.0014425	3.542914615
0.001445	3.53788949
0.0014475	3.542914615
0.00145	3.53788949
0.0014525	3.53788949
0.001455	3.53788949
0.0014575	3.527839239
0.00146	3.53788949
0.0014625	3.53788949
0.001465	3.527839239
0.0014675	3.522814113
0.00147	3.53788949
0.0014725	3.532864364
0.001475	3.527839239
0.0014775	3.547939741
0.00148	3.517788988
0.0014825	3.512763862
0.001485	3.517788988
0.0014875	3.502713611
0.00149	3.477587983
0.0014925	3.517788988
0.001495	3.517788988
0.0014975	3.502713611
0.0015	3.497688485
0.0015025	3.49266336
0.001505	3.487638234
0.0015075	3.497688485
0.00151	3.477587983
0.0015125	3.482613109
0.001515	3.477587983
0.0015175	3.457487481
0.00152	3.497688485
0.0015225	3.472562857
0.001525	3.467537732
0.0015275	3.467537732
0.00153	3.477587983
0.0015325	3.477587983
0.001535	3.477587983
0.0015375	3.44743723
0.00154	3.457487481
0.0015425	3.462512606
0.001545	3.44743723
0.0015475	3.457487481
0.00155	3.457487481
0.0015525	3.442412104
0.001555	3.437386978
0.0015575	3.417286476
0.00156	3.437386978
0.0015625	3.457487481
0.001565	3.44743723
0.0015675	3.437386978
0.00157	3.437386978
0.0015725	3.442412104
0.001575	3.427336727
0.0015775	3.417286476
0.00158	3.417286476
0.0015825	3.437386978
0.001585	3.437386978
0.0015875	3.417286476
0.00159	3.417286476
0.0015925	3.412261351
0.001595	3.417286476
0.0015975	3.397185974
0.0016	3.397185974
0.0016025	3.412261351
0.001605	3.397185974
0.0016075	3.402211099
0.00161	3.397185974
0.0016125	3.377085472
0.001615	3.397185974
0.0016175	3.382110597
0.00162	3.377085472
0.0016225	3.377085472
0.001625	3.387135723
0.0016275	3.382110597
0.00163	3.377085472
0.0016325	3.382110597
0.001635	3.387135723
0.0016375	3.377085472
0.00164	3.356984969
0.0016425	3.377085472
0.001645	3.377085472
0.0016475	3.377085472
0.00165	3.377085471
0.0016525	3.356984969
0.001655	3.36703522
0.0016575	3.356984969
0.00166	3.336884467
0.0016625	3.351959844
0.001665	3.346934718
0.0016675	3.351959844
0.00167	3.356984969
0.0016725	3.336884467
0.001675	3.336884467
0.0016775	3.331859341
0.00168	3.336884467
0.0016825	3.336884467
0.001685	3.316783965
0.0016875	3.331859341
0.00169	3.316783965
0.0016925	3.316783965
0.001695	3.316783965
0.0016975	3.316783965
0.0017	3.316783965
0.0017025	3.316783965
0.001705	3.316783965
0.0017075	3.316783965
0.00171	3.296683462
0.0017125	3.296683462
0.001715	3.286633211
0.0017175	3.301708588
0.00172	3.296683462
0.0017225	3.281608086
0.001725	3.27658296
0.0017275	3.27658296
0.00173	3.27658296
0.0017325	3.256482458
0.001735	3.27658296
0.0017375	3.27658296
0.00174	3.27658296
0.0017425	3.271557834
0.001745	3.266532709
0.0017475	3.261507583
0.00175	3.27658296
0.0017525	3.256482458
0.001755	3.256482458
0.0017575	3.256482458
0.00176	3.256482458
0.0017625	3.271557834
0.001765	3.256482458
0.0017675	3.256482458
0.00177	3.216281453
0.0017725	3.236381955
0.001775	3.246432207
0.0017775	3.236381955
0.00178	3.216281453
0.0017825	3.236381955
0.001785	3.226331704
0.0017875	3.251457332
0.00179	3.236381955
0.0017925	3.23135683
0.001795	3.226331704
0.0017975	3.216281453
0.0018	3.216281453
0.0018025	3.216281453
0.001805	3.206231202
0.0018075	3.216281453
0.00181	3.216281453
0.0018125	3.201206076
0.001815	3.216281453
0.0018175	3.196180951
0.00182	3.196180951
0.0018225	3.201206076
0.001825	3.206231202
0.0018275	3.196180951
0.00183	3.196180951
0.0018325	3.206231202
0.001835	3.196180951
0.0018375	3.191155825
0.00184	3.155979946
0.0018425	3.166030197
0.001845	3.196180951
0.0018475	3.176080449
0.00185	3.176080449
0.0018525	3.161005072
0.001855	3.166030197
0.0018575	3.171055323
0.00186	3.176080449
0.0018625	3.14090457
0.001865	3.166030197
0.0018675	3.150954821
0.00187	3.155979946
0.0018725	3.150954821
0.001875	3.155979946
0.0018775	3.14090457
0.00188	3.135879444
0.0018825	3.150954821
0.001885	3.135879444
0.0018875	3.130854318
0.00189	3.135879444
0.0018925	3.135879444
0.001895	3.125829193
0.0018975	3.125829193
0.0019	3.135879444
0.0019025	3.115778942
0.001905	3.125829193
0.0019075	3.115778942
0.00191	3.115778942
0.0019125	3.120804067
0.001915	3.10572869
0.0019175	3.105728691
0.00192	3.095678439
0.0019225	3.080603063
0.001925	3.095678439
0.0019275	3.095678439
0.00193	3.095678439
0.0019325	3.075577937
0.001935	3.085628188
0.0019375	3.075577937
0.00194	3.075577937
0.0019425	3.090653314
0.001945	3.085628188
0.0019475	3.065527686
0.00195	3.075577937
0.0019525	3.090653314
0.001955	3.075577937
0.0019575	3.075577937
0.00196	3.055477435
0.0019625	3.090653314
0.001965	3.065527686
0.0019675	3.040402058
0.00197	3.075577937
0.0019725	3.050452309
0.001975	3.055477435
0.0019775	3.040402058
0.00198	3.055477435
0.0019825	3.035376932
0.001985	3.045427184
0.0019875	3.035376932
0.00199	3.035376932
0.0019925	3.040402058
0.001995	3.035376932
0.0019975	3.025326681
0.002	3.035376932
0.0020025	3.035376932
0.002005	3.045427184
0.0020075	3.040402058
0.00201	3.035376932
0.0020125	3.01527643
0.002015	2.995175928
0.0020175	3.000201053
0.00202	2.995175928
0.0020225	2.995175928
0.002025	3.005226179
0.0020275	3.01527643
0.00203	2.995175928
0.0020325	2.995175928
0.002035	3.005226179
0.0020375	3.000201053
0.00204	2.975075426
0.0020425	2.995175928
0.002045	2.985125677
0.0020475	2.975075426
0.00205	2.975075426
0.0020525	2.990150802
0.002055	2.975075426
0.0020575	2.960000049
0.00206	2.975075426
0.0020625	2.975075426
0.002065	2.995175928
0.0020675	2.9700503
0.00207	2.954974923
0.0020725	2.9700503
0.002075	2.954974923
0.0020775	2.9700503
0.00208	2.934874421
0.0020825	2.954974923
0.002085	2.954974923
0.0020875	2.9700503
0.00209	2.954974923
0.0020925	2.934874421
0.002095	2.954974923
0.0020975	2.939899547
0.0021	2.934874421
0.0021025	2.939899547
0.002105	2.944924672
0.0021075	2.929849295
0.00211	2.934874421
0.0021125	2.929849295
0.002115	2.92482417
0.0021175	2.934874421
0.00212	2.934874421
0.0021225	2.919799044
0.002125	2.914773919
0.0021275	2.904723668
0.00213	2.934874421
0.0021325	3.588140746
0.002135	4.140904559
0.0021375	4.638391991
0.00214	4.965025153
0.0021425	4.939899525
0.002145	4.944924651
0.0021475	4.924824148
0.00215	4.944924651
0.0021525	4.909748772
0.002155	4.924824148
0.0021575	4.924824148
0.00216	4.904723646
0.0021625	4.924824148
0.002165	4.914773897
0.0021675	4.904723646
0.00217	4.904723646
0.0021725	4.899698521
0.002175	4.874572893
0.0021775	4.884623144
0.00218	4.904723646
0.0021825	4.904723646
0.002185	4.884623144
0.0021875	4.884623144
0.00219	4.884623144
0.0021925	4.864522642
0.002195	4.874572893
0.0021975	4.864522642
0.0022	4.864522642
0.0022025	4.864522642
0.002205	4.844422139
0.0022075	4.849447265
0.00221	4.844422139
0.0022125	4.864522642
0.002215	4.864522642
0.0022175	4.839397014
0.00222	4.844422139
0.0022225	4.859497516
0.002225	4.844422139
0.0022275	4.839397014
0.00223	4.824321637
0.0022325	4.839397014
0.002235	4.834371888
0.0022375	4.824321637
0.00224	4.824321637
0.0022425	4.814271386
0.002245	4.804221135
0.0022475	4.824321637
0.00225	4.824321637
0.0022525	4.80924626
0.002255	4.814271386
0.0022575	4.80924626
0.00226	4.804221135
0.0022625	4.789145758
0.002265	4.784120632
0.0022675	4.774070381
0.00227	4.804221135
0.0022725	4.814271386
0.002275	4.774070381
0.0022775	4.784120632
0.00228	4.804221135
0.0022825	4.784120632
0.002285	4.76402013
0.0022875	4.784120632
0.00229	4.743919628
0.0022925	4.769045256
0.002295	4.76402013
0.0022975	4.76402013
0.0023	4.76402013
0.0023025	4.758995004
0.002305	4.76402013
0.0023075	4.758995004
0.00231	4.743919628
0.0023125	4.748944753
0.002315	4.743919628
0.0023175	4.743919628
0.00232	4.723819125
0.0023225	4.713768874
0.002325	4.743919628
0.0023275	4.743919628
0.00233	4.743919628
0.0023325	4.703718623
0.002335	4.723819125
0.0023375	4.703718623
0.00234	4.723819125
0.0023425	4.708743749
0.002345	4.723819125
0.0023475	4.708743749
0.00235	4.703718623
0.0023525	4.718794
0.002355	4.703718623
0.0023575	4.723819125
0.00236	4.723819125
0.0023625	4.688643246
0.002365	4.693668372
0.0023675	4.703718623
0.00237	4.683618121
0.0023725	4.688643246
0.002375	4.67356787
0.0023775	4.678592995
0.00238	4.683618121
0.0023825	4.668542744
0.002385	4.67356787
0.0023875	4.683618121
0.00239	4.663517619
0.0023925	4.678592995
0.002395	4.67356787
0.0023975	4.658492493
0.0024	4.663517619
0.0024025	4.648442242
0.002405	4.663517619
0.0024075	4.648442242
0.00241	4.643417116
0.0024125	4.643417116
0.002415	4.643417116
0.0024175	4.648442242
0.00242	4.643417116
0.0024225	4.633366865
0.002425	4.643417116
0.0024275	4.638391991
0.00243	4.643417116
0.0024325	4.643417116
0.002435	4.613266363
0.0024375	4.608241237
0.00244	4.623316614
0.0024425	4.623316614
0.002445	4.633366865
0.0024475	4.618291488
0.00245	4.603216112
0.0024525	4.603216112
0.002455	4.613266363
0.0024575	4.603216112
0.00246	4.603216112
0.0024625	4.588140735
0.002465	4.603216112
0.0024675	4.603216112
0.00247	4.603216112
0.0024725	4.588140735
0.002475	4.583115609
0.0024775	4.563015107
0.00248	4.583115609
0.0024825	4.588140735
0.002485	4.583115609
0.0024875	4.583115609
0.00249	4.583115609
0.0024925	4.563015107
0.002495	4.563015107
0.0024975	4.568040233
