0.000000000000000e+00	4.777778e+00
1.171751013093056e-03	4.738026e+00
2.343502026186112e-03	4.698297e+00
3.515253039279168e-03	4.658591e+00
4.687004052372224e-03	4.618909e+00
5.858755065465281e-03	4.579249e+00
7.030506078558337e-03	4.539613e+00
8.202257091651391e-03	4.500000e+00
8.202257091832333e-03	4.500000e+00
8.202257092013276e-03	4.500000e+00
8.202257092194219e-03	4.500000e+00
8.202257092375161e-03	4.500000e+00
8.202257092556103e-03	4.500000e+00
8.202257092737046e-03	4.500000e+00
8.202257092917989e-03	4.500000e+00
8.202257093216012e-03	4.500000e+00
8.202257093225326e-03	4.500000e+00
8.202257093227654e-03	4.500000e+00
8.202257093232310e-03	4.500000e+00
8.202257093241624e-03	4.500000e+00
8.202257093260249e-03	4.500000e+00
8.202257093297503e-03	4.500000e+00
8.202257093372009e-03	4.500000e+00
8.202257093521020e-03	4.500000e+00
8.202257093819044e-03	4.500000e+00
8.202257094415090e-03	4.500000e+00
8.202257095607183e-03	4.500000e+00
8.202257097991369e-03	4.500000e+00
8.202257102759741e-03	4.500000e+00
8.202257169516943e-03	4.500000e+00
8.202257703574559e-03	4.500005e+00
8.202268777095765e-03	4.500096e+00
8.202279850616969e-03	4.500188e+00
8.202290924138175e-03	4.500281e+00
8.202301997659381e-03	4.500374e+00
8.202313071180587e-03	4.500469e+00
8.202324144701791e-03	4.500564e+00
8.202335218222997e-03	4.500659e+00
8.202413343222997e-03	4.501359e+00
8.202552222464460e-03	4.502737e+00
8.202694340156512e-03	4.504435e+00
8.202752318786690e-03	4.505285e+00
8.202786353001387e-03	4.505878e+00
8.202804877521785e-03	4.506611e+00
8.202812754966550e-03	4.507996e+00
8.202816912348507e-03	4.509876e+00
8.202820543322571e-03	4.512954e+00
8.202824444628177e-03	4.518674e+00
8.202828632516163e-03	4.528621e+00
8.202833899645165e-03	4.547584e+00
8.202840560284591e-03	4.581084e+00
8.202847844726517e-03	4.626825e+00
8.202855618381405e-03	4.682391e+00
8.202865992383361e-03	4.762965e+00
8.202883191307280e-03	4.904922e+00
8.202904425059250e-03	5.086879e+00
8.202927253461540e-03	5.285724e+00
8.202950756545905e-03	5.491845e+00
8.202959857476846e-03	5.518645e+00
8.202969309163555e-03	5.480523e+00
8.202971791735349e-03	5.470916e+00
8.202975331336340e-03	5.461855e+00
8.202977407951071e-03	5.457492e+00
8.202979962517403e-03	5.453659e+00
8.202981842816336e-03	5.451537e+00
8.202984600029514e-03	5.449407e+00
8.202986628353786e-03	5.448346e+00
8.202989170688174e-03	5.447453e+00
8.202991655209485e-03	5.446887e+00
8.202993988758836e-03	5.446535e+00
8.202996597956631e-03	5.446270e+00
8.202999211841722e-03	5.446091e+00
8.203002245252819e-03	5.445945e+00
8.203005429721820e-03	5.445834e+00
8.203009279391930e-03	5.445731e+00
8.203013569124042e-03	5.445635e+00
8.203019006892987e-03	5.445528e+00
8.203025477466586e-03	5.445409e+00
8.203034261493198e-03	5.445256e+00
8.203045245528574e-03	5.445073e+00
8.203064807110985e-03	5.444764e+00
8.203100512875658e-03	5.444246e+00
8.203159735722847e-03	5.443477e+00
8.203236190419461e-03	5.442596e+00
8.203332540024050e-03	5.441607e+00
8.203456534480574e-03	5.440467e+00
8.203642932755297e-03	5.439155e+00
8.203818151162195e-03	5.438816e+00
8.203989139796090e-03	5.438923e+00
8.204140225033829e-03	5.438910e+00
8.204300253344969e-03	5.438927e+00
8.204583651305601e-03	5.438947e+00
8.205063366174039e-03	5.438984e+00
8.206022795910914e-03	5.439058e+00
8.206262653345132e-03	5.439077e+00
8.206524203368275e-03	5.439095e+00
8.206663960954911e-03	5.439104e+00
8.206748369081621e-03	5.439106e+00
8.206812223991623e-03	5.439106e+00
8.206882842941883e-03	5.439106e+00
8.206946757069284e-03	5.439104e+00
8.207002197730129e-03	5.439102e+00
8.207060406454013e-03	5.439099e+00
8.207124825735544e-03	5.439095e+00
8.207191169414116e-03	5.439092e+00
8.207266877546018e-03	5.439088e+00
8.207349129744496e-03	5.439085e+00
8.207448543025974e-03	5.439081e+00
8.207555583047624e-03	5.439078e+00
8.207661364346731e-03	5.439075e+00
8.207777232208942e-03	5.439071e+00
8.207901489540282e-03	5.439067e+00
8.208061190822546e-03	5.439061e+00
8.208242472515361e-03	5.439055e+00
8.208674084227301e-03	5.439040e+00
8.213059549260099e-03	5.438890e+00
8.213946087002632e-03	5.438859e+00
8.214524368111686e-03	5.438840e+00
8.214899074628343e-03	5.438827e+00
8.215159779496042e-03	5.438818e+00
8.215469756521536e-03	5.438807e+00
8.215682952062930e-03	5.438800e+00
8.215861589391778e-03	5.438794e+00
8.216081794860003e-03	5.438787e+00
8.216594680048392e-03	5.438769e+00
8.446703815653493e-03	5.430885e+00
9.908132387082005e-03	5.380835e+00
1.136956095851052e-02	5.330821e+00
1.283098952993903e-02	5.280843e+00
1.429241810136754e-02	5.230902e+00
1.575384667279606e-02	5.180997e+00
1.721527524422457e-02	5.131128e+00
1.867670381565308e-02	5.081296e+00
1.868670381565308e-02	5.080955e+00
1.969813238708161e-02	5.046488e+00
2.070956095851014e-02	5.012039e+00
2.172098952993867e-02	4.977606e+00
2.273241810136720e-02	4.943191e+00
2.374384667279573e-02	4.908794e+00
2.475527524422426e-02	4.874414e+00
2.576670381565279e-02	4.840051e+00
2.892670381565266e-02	4.732802e+00
2.990905880091551e-02	4.699496e+00
3.089141378617836e-02	4.666206e+00
3.187376877144121e-02	4.632932e+00
3.285612375670407e-02	4.599675e+00
3.383847874196692e-02	4.566434e+00
3.482083372722977e-02	4.533209e+00
3.580318871249262e-02	4.500000e+00
3.580318871308866e-02	4.500000e+00
3.580318871431801e-02	4.500000e+00
3.580318871432733e-02	4.500000e+00
3.580318871434595e-02	4.500000e+00
3.580318871435061e-02	4.500000e+00
3.580318871435992e-02	4.500000e+00
3.580318871436225e-02	4.500000e+00
3.580318871436283e-02	4.500000e+00
3.580318871436400e-02	4.500000e+00
3.580318871436633e-02	4.500000e+00
3.580318871437099e-02	4.500000e+00
3.580318871438030e-02	4.500000e+00
3.580318871439892e-02	4.500000e+00
3.580318871443618e-02	4.500000e+00
3.580318871451068e-02	4.500000e+00
3.580318871465969e-02	4.500000e+00
3.580318871495772e-02	4.500000e+00
3.580318871555376e-02	4.500000e+00
3.580318871674586e-02	4.500000e+00
3.580318871913004e-02	4.500000e+00
3.580318872389841e-02	4.500000e+00
3.580318879065562e-02	4.500000e+00
3.580318932471323e-02	4.500005e+00
3.580320039823444e-02	4.500096e+00
3.580321147175564e-02	4.500188e+00
3.580322254527685e-02	4.500281e+00
3.580323361879806e-02	4.500374e+00
3.580324469231926e-02	4.500469e+00
3.580325576584047e-02	4.500564e+00
3.580326683936167e-02	4.500659e+00
3.580334496436167e-02	4.501359e+00
3.580348384360439e-02	4.502737e+00
3.580362596129621e-02	4.504435e+00
3.580368393990097e-02	4.505285e+00
3.580371797412880e-02	4.505878e+00
3.580373649864498e-02	4.506611e+00
3.580374437610350e-02	4.507996e+00
3.580374853348703e-02	4.509876e+00
3.580375216446142e-02	4.512954e+00
3.580375606576753e-02	4.518674e+00
3.580376025365575e-02	4.528621e+00
3.580376552078372e-02	4.547584e+00
3.580377218142237e-02	4.581084e+00
3.580377946586438e-02	4.626825e+00
3.580378723951850e-02	4.682391e+00
3.580379761352001e-02	4.762965e+00
3.580381481243895e-02	4.904922e+00
3.580383604619038e-02	5.086879e+00
3.580385887459216e-02	5.285724e+00
3.580388237767524e-02	5.491845e+00
3.580389147860601e-02	5.518645e+00
3.580390093029243e-02	5.480523e+00
3.580390341286419e-02	5.470916e+00
3.580390695246520e-02	5.461855e+00
3.580390902908000e-02	5.457492e+00
3.580391158364637e-02	5.453659e+00
3.580391346394535e-02	5.451537e+00
3.580391622115862e-02	5.449407e+00
3.580391824948295e-02	5.448346e+00
3.580392079181734e-02	5.447453e+00
3.580392327633862e-02	5.446887e+00
3.580392560988799e-02	5.446535e+00
3.580392821908576e-02	5.446270e+00
3.580393083297086e-02	5.446090e+00
3.580393386638193e-02	5.445945e+00
3.580393705085094e-02	5.445834e+00
3.580394090052100e-02	5.445731e+00
3.580394519025312e-02	5.445635e+00
3.580395062802200e-02	5.445528e+00
3.580395709859559e-02	5.445409e+00
3.580396588262207e-02	5.445256e+00
3.580397686665743e-02	5.445073e+00
3.580399642823823e-02	5.444764e+00
3.580403213400043e-02	5.444246e+00
3.580409135684295e-02	5.443477e+00
3.580416781153332e-02	5.442596e+00
3.580426416113471e-02	5.441607e+00
3.580438815558144e-02	5.440467e+00
3.580457455383985e-02	5.439155e+00
3.580474977220043e-02	5.438816e+00
3.580492076078578e-02	5.438923e+00
3.580507184595998e-02	5.438910e+00
3.580523187423117e-02	5.438927e+00
3.580551527215348e-02	5.438947e+00
3.580599498708072e-02	5.438984e+00
3.580695441693520e-02	5.439058e+00
3.580719427439882e-02	5.439076e+00
3.580745582425861e-02	5.439095e+00
3.580759558178258e-02	5.439103e+00
3.580767998988143e-02	5.439106e+00
3.580774384479001e-02	5.439106e+00
3.580781446374753e-02	5.439106e+00
3.580787837785536e-02	5.439104e+00
3.580793381851011e-02	5.439101e+00
3.580799202723676e-02	5.439099e+00
3.580805644651765e-02	5.439095e+00
3.580812279019959e-02	5.439092e+00
3.580819849833194e-02	5.439088e+00
3.580828075053411e-02	5.439085e+00
3.580838016381962e-02	5.439081e+00
3.580848720382700e-02	5.439078e+00
3.580859298512196e-02	5.439075e+00
3.580870885298362e-02	5.439071e+00
3.580883311031998e-02	5.439067e+00
3.580899281160466e-02	5.439061e+00
3.580917409329041e-02	5.439055e+00
3.580960570500808e-02	5.439040e+00
3.581399117009996e-02	5.438890e+00
3.581487770769424e-02	5.438859e+00
3.581545598871028e-02	5.438839e+00
3.581583069515797e-02	5.438827e+00
3.581609140001362e-02	5.438818e+00
3.581640137702075e-02	5.438807e+00
3.581661457249120e-02	5.438800e+00
3.581679320981023e-02	5.438794e+00
3.581701341528028e-02	5.438786e+00
3.581752630048324e-02	5.438769e+00
3.751763543642591e-02	5.380541e+00
3.897906400785493e-02	5.330527e+00
4.044049257928395e-02	5.280550e+00
4.190192115071296e-02	5.230609e+00
4.336334972214199e-02	5.180704e+00
4.482477829357101e-02	5.130836e+00
4.628620686500003e-02	5.081004e+00
4.774763543642904e-02	5.031208e+00
4.775763543642905e-02	5.030867e+00
4.849906400785784e-02	5.005618e+00
4.924049257928664e-02	4.980378e+00
4.998192115071544e-02	4.955147e+00
5.072334972214424e-02	4.929926e+00
5.146477829357304e-02	4.904714e+00
5.220620686500184e-02	4.879511e+00
5.294763543643063e-02	4.854318e+00
5.366763543643085e-02	4.829862e+00
5.438763543643108e-02	4.805414e+00
5.510763543643130e-02	4.780975e+00
5.582763543643152e-02	4.756545e+00
5.654763543643174e-02	4.732124e+00
5.726763543643196e-02	4.707711e+00
5.798763543643218e-02	4.683307e+00
5.799763543643218e-02	4.682969e+00
5.876999003303014e-02	4.656800e+00
5.954234462962810e-02	4.630641e+00
6.031469922622607e-02	4.604493e+00
6.108705382282403e-02	4.578355e+00
6.185940841942199e-02	4.552226e+00
6.263176301601996e-02	4.526108e+00
6.340411761261791e-02	4.500000e+00
6.340411761500210e-02	4.500000e+00
6.340411761507661e-02	4.500000e+00
6.340411761509523e-02	4.500000e+00
6.340411761513248e-02	4.500000e+00
6.340411761513365e-02	4.500000e+00
6.340411761513598e-02	4.500000e+00
6.340411761514064e-02	4.500000e+00
6.340411761514995e-02	4.500000e+00
6.340411761516858e-02	4.500000e+00
6.340411761520583e-02	4.500000e+00
6.340411761528034e-02	4.500000e+00
6.340411761542934e-02	4.500000e+00
6.340411761572737e-02	4.500000e+00
6.340411761632342e-02	4.500000e+00
6.340411761751551e-02	4.500000e+00
6.340411761989970e-02	4.500000e+00
6.340411762466806e-02	4.500000e+00
6.340411769142527e-02	4.500000e+00
6.340411822548289e-02	4.500005e+00
6.340412929900410e-02	4.500096e+00
6.340414037252530e-02	4.500188e+00
6.340415144604651e-02	4.500281e+00
6.340416251956771e-02	4.500374e+00
6.340417359308892e-02	4.500469e+00
6.340418466661012e-02	4.500564e+00
6.340419574013133e-02	4.500659e+00
6.340427386513132e-02	4.501359e+00
6.340441274436806e-02	4.502737e+00
6.340455486206251e-02	4.504435e+00
6.340461284068806e-02	4.505285e+00
6.340464687490624e-02	4.505878e+00
6.340466539942594e-02	4.506611e+00
6.340467327687387e-02	4.507996e+00
6.340467743425618e-02	4.509876e+00
6.340468106523019e-02	4.512954e+00
6.340468496653585e-02	4.518674e+00
6.340468915442390e-02	4.528621e+00
6.340469442155156e-02	4.547584e+00
6.340470108218982e-02	4.581084e+00
6.340470836663181e-02	4.626825e+00
6.340471614028564e-02	4.682391e+00
6.340472651428573e-02	4.762964e+00
6.340474371320162e-02	4.904922e+00
6.340476494695392e-02	5.086879e+00
6.340478777535467e-02	5.285724e+00
6.340481127843736e-02	5.491844e+00
6.340482037936811e-02	5.518645e+00
6.340482983105436e-02	5.480523e+00
6.340483231362611e-02	5.470916e+00
6.340483585322713e-02	5.461855e+00
6.340483792984197e-02	5.457492e+00
6.340484048440836e-02	5.453659e+00
6.340484236470738e-02	5.451537e+00
6.340484512192070e-02	5.449407e+00
6.340484715024505e-02	5.448346e+00
6.340484969257945e-02	5.447453e+00
6.340485217710071e-02	5.446887e+00
6.340485451065009e-02	5.446535e+00
6.340485711984785e-02	5.446270e+00
6.340485973373296e-02	5.446090e+00
6.340486276714401e-02	5.445945e+00
6.340486595161303e-02	5.445834e+00
6.340486980128308e-02	5.445731e+00
6.340487409101521e-02	5.445635e+00
6.340487952878407e-02	5.445528e+00
6.340488599935766e-02	5.445409e+00
6.340489478338410e-02	5.445256e+00
6.340490576741947e-02	5.445073e+00
6.340492532899958e-02	5.444764e+00
6.340496103476072e-02	5.444246e+00
6.340502025760107e-02	5.443477e+00
6.340509671228857e-02	5.442596e+00
6.340519306188790e-02	5.441607e+00
6.340531705632967e-02	5.440467e+00
6.340550345457921e-02	5.439155e+00
6.340567867291809e-02	5.438816e+00
6.340584966148093e-02	5.438923e+00
6.340600074662614e-02	5.438910e+00
6.340616077487878e-02	5.438927e+00
6.340644417278433e-02	5.438947e+00
6.340692388773982e-02	5.438984e+00
6.340788331765078e-02	5.439058e+00
6.340812317512852e-02	5.439076e+00
6.340838472485984e-02	5.439095e+00
6.340852448233411e-02	5.439103e+00
6.340860889041101e-02	5.439106e+00
6.340867274531854e-02	5.439106e+00
6.340874336428168e-02	5.439106e+00
6.340880727837446e-02	5.439104e+00
6.340886271902497e-02	5.439101e+00
6.340892092775327e-02	5.439098e+00
6.340898534703351e-02	5.439095e+00
6.340905169071787e-02	5.439092e+00
6.340912739885152e-02	5.439088e+00
6.340920965105609e-02	5.439085e+00
6.340930906434536e-02	5.439081e+00
6.340941610434160e-02	5.439077e+00
6.340952188563330e-02	5.439075e+00
6.340963775349419e-02	5.439071e+00
6.340976201083522e-02	5.439066e+00
6.340992171212145e-02	5.439061e+00
6.341010299380054e-02	5.439055e+00
6.341053460552316e-02	5.439040e+00
6.341492007065430e-02	5.438890e+00
6.341580660815031e-02	5.438859e+00
6.341638488910503e-02	5.438839e+00
6.341675959550760e-02	5.438827e+00
6.341702030035615e-02	5.438818e+00
6.341733027735329e-02	5.438807e+00
6.341754347277698e-02	5.438800e+00
6.341772211008964e-02	5.438794e+00
6.341794231556168e-02	5.438786e+00
6.341845520077535e-02	5.438768e+00
6.661856433703155e-02	5.329208e+00
6.807999290845955e-02	5.279232e+00
6.954142147988755e-02	5.229292e+00
7.100285005131557e-02	5.179388e+00
7.246427862274357e-02	5.129520e+00
7.392570719417157e-02	5.079689e+00
7.538713576559958e-02	5.029894e+00
7.684856433702758e-02	4.980134e+00
7.685856433702758e-02	4.979794e+00
7.831999290845558e-02	4.930072e+00
7.978142147988358e-02	4.880385e+00
8.124285005131160e-02	4.830735e+00
8.270427862273960e-02	4.781121e+00
8.416570719416760e-02	4.731543e+00
8.562713576559561e-02	4.682000e+00
8.708856433702361e-02	4.632494e+00
8.709856433702361e-02	4.632155e+00
9.100504458663565e-02	4.500000e+00
9.100504458700819e-02	4.500000e+00
9.100504458719444e-02	4.500000e+00
9.100504458726895e-02	4.500000e+00
9.100504458728757e-02	4.500000e+00
9.100504458732482e-02	4.500000e+00
9.100504458735276e-02	4.500000e+00
9.100504458735742e-02	4.500000e+00
9.100504458736673e-02	4.500000e+00
9.100504458736702e-02	4.500000e+00
9.100504458736761e-02	4.500000e+00
9.100504458736877e-02	4.500000e+00
9.100504458737110e-02	4.500000e+00
9.100504458737577e-02	4.500000e+00
9.100504458738508e-02	4.500000e+00
9.100504458740370e-02	4.500000e+00
9.100504458744095e-02	4.500000e+00
9.100504458751546e-02	4.500000e+00
9.100504458766447e-02	4.500000e+00
9.100504458796249e-02	4.500000e+00
9.100504458855854e-02	4.500000e+00
9.100504458975063e-02	4.500000e+00
9.100504459213482e-02	4.500000e+00
9.100504459690319e-02	4.500000e+00
9.100504466366040e-02	4.500000e+00
9.100504519771802e-02	4.500005e+00
9.100505627123923e-02	4.500096e+00
9.100506734476042e-02	4.500188e+00
9.100507841828163e-02	4.500281e+00
9.100508949180283e-02	4.500374e+00
9.100510056532404e-02	4.500469e+00
9.100511163884524e-02	4.500564e+00
9.100512271236645e-02	4.500659e+00
9.100520083736645e-02	4.501359e+00
9.100533971661152e-02	4.502737e+00
9.100548183430418e-02	4.504435e+00
9.100553981296329e-02	4.505285e+00
9.100557384716185e-02	4.505878e+00
9.100559237168621e-02	4.506611e+00
9.100560024911439e-02	4.507996e+00
9.100560440649443e-02	4.509876e+00
9.100560803746831e-02	4.512954e+00
9.100561193877339e-02	4.518674e+00
9.100561612666229e-02	4.528621e+00
9.100562139379249e-02	4.547584e+00
9.100562805443309e-02	4.581084e+00
9.100563533887504e-02	4.626825e+00
9.100564311253170e-02	4.682391e+00
9.100565348653640e-02	4.762965e+00
9.100567068547340e-02	4.904922e+00
9.100569191922506e-02	5.086879e+00
9.100571474762970e-02	5.285724e+00
9.100573825071685e-02	5.491845e+00
9.100574735164813e-02	5.518645e+00
9.100575680333557e-02	5.480523e+00
9.100575928590746e-02	5.470916e+00
9.100576282550837e-02	5.461855e+00
9.100576490212293e-02	5.457492e+00
9.100576745668916e-02	5.453659e+00
9.100576933698795e-02	5.451537e+00
9.100577209420091e-02	5.449408e+00
9.100577412252504e-02	5.448346e+00
9.100577666485941e-02	5.447453e+00
9.100577914938081e-02	5.446887e+00
9.100578148293011e-02	5.446535e+00
9.100578409212796e-02	5.446270e+00
9.100578670601302e-02	5.446091e+00
9.100578973942419e-02	5.445945e+00
9.100579292389317e-02	5.445835e+00
9.100579677356338e-02	5.445731e+00
9.100580106329548e-02	5.445635e+00
9.100580650106456e-02	5.445528e+00
9.100581297163818e-02	5.445409e+00
9.100582175566507e-02	5.445256e+00
9.100583273970045e-02	5.445073e+00
9.100585230128666e-02	5.444765e+00
9.100588800705717e-02	5.444246e+00
9.100594722991558e-02	5.443477e+00
9.100602368462718e-02	5.442597e+00
9.100612003424029e-02	5.441607e+00
9.100624402872093e-02	5.440467e+00
9.100643042703674e-02	5.439156e+00
9.100660564555529e-02	5.438816e+00
9.100677663430590e-02	5.438923e+00
9.100692771969571e-02	5.438911e+00
9.100708774810293e-02	5.438927e+00
9.100737114615423e-02	5.438947e+00
9.100785086087990e-02	5.438984e+00
9.100881029033124e-02	5.439058e+00
9.100905014769407e-02	5.439077e+00
9.100931169818453e-02	5.439096e+00
9.100945145595106e-02	5.439104e+00
9.100953586415758e-02	5.439106e+00
9.100959971907145e-02	5.439107e+00
9.100967033800118e-02	5.439106e+00
9.100973425218332e-02	5.439104e+00
9.100978969286119e-02	5.439102e+00
9.100984790157897e-02	5.439099e+00
9.100991232086289e-02	5.439095e+00
9.100997866453146e-02	5.439092e+00
9.101005437266185e-02	5.439089e+00
9.101013662484982e-02	5.439085e+00
9.101023603811977e-02	5.439082e+00
9.101034307818218e-02	5.439078e+00
9.101044885949326e-02	5.439075e+00
9.101056472735729e-02	5.439071e+00
9.101068898467429e-02	5.439067e+00
9.101084868595063e-02	5.439062e+00
9.101102996766131e-02	5.439055e+00
9.101146157935550e-02	5.439040e+00
9.101584704420097e-02	5.438890e+00
9.101673358320042e-02	5.438860e+00
9.101731186506780e-02	5.438840e+00
9.101768657216117e-02	5.438827e+00
9.101794727719552e-02	5.438818e+00
9.101825725455250e-02	5.438807e+00
9.101847045059505e-02	5.438800e+00
9.101864908801012e-02	5.438794e+00
9.101886929354044e-02	5.438787e+00
9.101938217879130e-02	5.438769e+00
9.167225491468907e-02	5.416403e+00
9.232512765058684e-02	5.394044e+00
9.297800038648461e-02	5.371692e+00
9.363087312238239e-02	5.349348e+00
9.428374585828016e-02	5.327010e+00
9.493661859417793e-02	5.304680e+00
9.558949133007570e-02	5.282357e+00
9.559949133007570e-02	5.282015e+00
9.689313542577892e-02	5.237805e+00
9.818677952148214e-02	5.193624e+00
9.948042361718534e-02	5.149470e+00
1.007740677128886e-01	5.105345e+00
1.020677118085918e-01	5.061249e+00
1.033613559042950e-01	5.017181e+00
1.046549999999982e-01	4.973141e+00
1.048178571428553e-01	4.967598e+00
1.049807142857124e-01	4.962057e+00
1.051435714285694e-01	4.956515e+00
1.053064285714265e-01	4.950975e+00
1.054692857142836e-01	4.945434e+00
1.056321428571407e-01	4.939894e+00
1.057949999999978e-01	4.934355e+00
1.058049999999978e-01	4.934015e+00
1.072664285714258e-01	4.884326e+00
1.087278571428538e-01	4.834672e+00
1.101892857142818e-01	4.785055e+00
1.116507142857098e-01	4.735474e+00
1.131121428571378e-01	4.685929e+00
1.145735714285658e-01	4.636420e+00
1.160349999999938e-01	4.586947e+00
1.160449999999938e-01	4.586608e+00
1.186059836757111e-01	4.500000e+00
1.186059836806285e-01	4.500000e+00
1.186059836809265e-01	4.500000e+00
1.186059836810010e-01	4.500000e+00
1.186059836810197e-01	4.500000e+00
1.186059836810569e-01	4.500000e+00
1.186059836810662e-01	4.500000e+00
1.186059836810685e-01	4.500000e+00
1.186059836810732e-01	4.500000e+00
1.186059836810825e-01	4.500000e+00
1.186059836811011e-01	4.500000e+00
1.186059836811384e-01	4.500000e+00
1.186059836812129e-01	4.500000e+00
1.186059836813619e-01	4.500000e+00
1.186059836816599e-01	4.500000e+00
1.186059836822560e-01	4.500000e+00
1.186059836834481e-01	4.500000e+00
1.186059836858323e-01	4.500000e+00
1.186059836906006e-01	4.500000e+00
1.186059837573578e-01	4.500000e+00
1.186059842914155e-01	4.500005e+00
1.186059953649367e-01	4.500096e+00
1.186060064384579e-01	4.500188e+00
1.186060175119791e-01	4.500281e+00
1.186060285855003e-01	4.500374e+00
1.186060396590215e-01	4.500469e+00
1.186060507325427e-01	4.500564e+00
1.186060618060639e-01	4.500659e+00
1.186061399310639e-01	4.501359e+00
1.186062788102975e-01	4.502737e+00
1.186064209279845e-01	4.504435e+00
1.186064789066190e-01	4.505285e+00
1.186065129408371e-01	4.505878e+00
1.186065314653559e-01	4.506611e+00
1.186065393428027e-01	4.507996e+00
1.186065435001847e-01	4.509876e+00
1.186065471311574e-01	4.512954e+00
1.186065510324624e-01	4.518674e+00
1.186065552203484e-01	4.528621e+00
1.186065604874684e-01	4.547584e+00
1.186065671480993e-01	4.581084e+00
1.186065744325414e-01	4.626825e+00
1.186065822061876e-01	4.682390e+00
1.186065925801714e-01	4.762964e+00
1.186066097790265e-01	4.904921e+00
1.186066310127832e-01	5.086878e+00
1.186066538411712e-01	5.285723e+00
1.186066773442417e-01	5.491843e+00
1.186066864451710e-01	5.518644e+00
1.186066958968538e-01	5.480522e+00
1.186066983794252e-01	5.470914e+00
1.186067019190265e-01	5.461854e+00
1.186067039956421e-01	5.457490e+00
1.186067065502090e-01	5.453658e+00
1.186067084305087e-01	5.451536e+00
1.186067111877230e-01	5.449406e+00
1.186067132160480e-01	5.448344e+00
1.186067157583824e-01	5.447452e+00
1.186067182429033e-01	5.446885e+00
1.186067205764530e-01	5.446534e+00
1.186067231856505e-01	5.446269e+00
1.186067257995357e-01	5.446089e+00
1.186067288329465e-01	5.445944e+00
1.186067320174156e-01	5.445833e+00
1.186067358670853e-01	5.445729e+00
1.186067401568174e-01	5.445634e+00
1.186067455945857e-01	5.445526e+00
1.186067520651592e-01	5.445408e+00
1.186067608491844e-01	5.445254e+00
1.186067718332198e-01	5.445071e+00
1.186067913947827e-01	5.444763e+00
1.186068271005176e-01	5.444244e+00
1.186068863233070e-01	5.443475e+00
1.186069627779264e-01	5.442595e+00
1.186070591274854e-01	5.441606e+00
1.186071831218164e-01	5.440465e+00
1.186073695198755e-01	5.439154e+00
1.186075447377059e-01	5.438815e+00
1.186077157257378e-01	5.438922e+00
1.186078668101925e-01	5.438909e+00
1.186080268380080e-01	5.438926e+00
1.186083102355038e-01	5.438946e+00
1.186087899511115e-01	5.438983e+00
1.186097493823267e-01	5.439056e+00
1.186099892401305e-01	5.439075e+00
1.186102507875967e-01	5.439094e+00
1.186103905441982e-01	5.439102e+00
1.186104749518883e-01	5.439105e+00
1.186105388067768e-01	5.439106e+00
1.186106094258393e-01	5.439105e+00
1.186106733396663e-01	5.439103e+00
1.186107287802347e-01	5.439100e+00
1.186107869889941e-01	5.439097e+00
1.186108514082633e-01	5.439094e+00
1.186109177519955e-01	5.439091e+00
1.186109934601367e-01	5.439087e+00
1.186110757123916e-01	5.439084e+00
1.186111751257373e-01	5.439080e+00
1.186112821655366e-01	5.439076e+00
1.186113879467690e-01	5.439073e+00
1.186115038146210e-01	5.439069e+00
1.186116280720313e-01	5.439065e+00
1.186117877733486e-01	5.439060e+00
1.186119690549382e-01	5.439054e+00
1.186124006667432e-01	5.439039e+00
1.186167861327568e-01	5.438889e+00
1.186176726662470e-01	5.438858e+00
1.186182509447658e-01	5.438838e+00
1.186186256493259e-01	5.438826e+00
1.186188863536951e-01	5.438817e+00
1.186191963297742e-01	5.438806e+00
1.186194095235249e-01	5.438798e+00
1.186195881605652e-01	5.438793e+00
1.186198083658998e-01	5.438785e+00
1.186203212510568e-01	5.438767e+00
1.194946225511993e-01	5.408817e+00
1.203689238513418e-01	5.378880e+00
1.212432251514843e-01	5.348956e+00
1.221175264516269e-01	5.319044e+00
1.229918277517694e-01	5.289146e+00
1.238661290519119e-01	5.259260e+00
1.247404303520545e-01	5.229388e+00
1.247504303520545e-01	5.229046e+00
1.258318589234841e-01	5.192115e+00
1.269132874949137e-01	5.155204e+00
1.279947160663433e-01	5.118312e+00
1.290761446377729e-01	5.081441e+00
1.301575732092025e-01	5.044589e+00
1.312390017806321e-01	5.007757e+00
1.323204303520617e-01	4.970944e+00
1.327004303520621e-01	4.958014e+00
1.330804303520625e-01	4.945086e+00
1.334604303520628e-01	4.932160e+00
1.338404303520632e-01	4.919236e+00
1.342204303520636e-01	4.906316e+00
1.346004303520640e-01	4.893397e+00
1.349804303520644e-01	4.880481e+00
1.349904303520644e-01	4.880141e+00
1.364518589234944e-01	4.830491e+00
1.379132874949244e-01	4.780877e+00
1.393747160663545e-01	4.731299e+00
1.408361446377845e-01	4.681757e+00
1.422975732092145e-01	4.632251e+00
1.437590017806446e-01	4.582781e+00
1.452204303520746e-01	4.533347e+00
1.452304303520746e-01	4.533009e+00
1.462068748806255e-01	4.500000e+00
1.462068748807000e-01	4.500000e+00
1.462068748808863e-01	4.500000e+00
1.462068748809608e-01	4.500000e+00
1.462068748809794e-01	4.500000e+00
1.462068748810166e-01	4.500000e+00
1.462068748810260e-01	4.500000e+00
1.462068748810446e-01	4.500000e+00
1.462068748810492e-01	4.500000e+00
1.462068748810586e-01	4.500000e+00
1.462068748810609e-01	4.500000e+00
1.462068748810656e-01	4.500000e+00
1.462068748810749e-01	4.500000e+00
1.462068748810935e-01	4.500000e+00
1.462068748811308e-01	4.500000e+00
1.462068748812053e-01	4.500000e+00
1.462068748813543e-01	4.500000e+00
1.462068748816523e-01	4.500000e+00
1.462068748822483e-01	4.500000e+00
1.462068748834404e-01	4.500000e+00
1.462068748858246e-01	4.500000e+00
1.462068748905930e-01	4.500000e+00
1.462068749573502e-01	4.500000e+00
1.462068754914078e-01	4.500005e+00
1.462068865649290e-01	4.500096e+00
1.462068976384502e-01	4.500188e+00
1.462069087119715e-01	4.500281e+00
1.462069197854926e-01	4.500374e+00
1.462069308590138e-01	4.500469e+00
1.462069419325351e-01	4.500564e+00
1.462069530060563e-01	4.500659e+00
1.462070311310563e-01	4.501359e+00
1.462071700102949e-01	4.502737e+00
1.462073121279857e-01	4.504435e+00
1.462073701066242e-01	4.505285e+00
1.462074041408367e-01	4.505878e+00
1.462074226653572e-01	4.506611e+00
1.462074305427991e-01	4.507996e+00
1.462074347001806e-01	4.509876e+00
1.462074383311541e-01	4.512954e+00
1.462074422324593e-01	4.518674e+00
1.462074464203467e-01	4.528621e+00
1.462074516874723e-01	4.547584e+00
1.462074583481086e-01	4.581084e+00
1.462074656325506e-01	4.626825e+00
1.462074734062023e-01	4.682390e+00
1.462074837801975e-01	4.762964e+00
1.462075009790964e-01	4.904922e+00
1.462075222128502e-01	5.086878e+00
1.462075450412472e-01	5.285723e+00
1.462075685443266e-01	5.491844e+00
1.462075776452570e-01	5.518645e+00
1.462075870969423e-01	5.480523e+00
1.462075895795139e-01	5.470915e+00
1.462075931191150e-01	5.461855e+00
1.462075951957300e-01	5.457491e+00
1.462075977502966e-01	5.453659e+00
1.462075996305958e-01	5.451536e+00
1.462076023878094e-01	5.449407e+00
1.462076044161339e-01	5.448345e+00
1.462076069584683e-01	5.447453e+00
1.462076094429895e-01	5.446886e+00
1.462076117765389e-01	5.446535e+00
1.462076143857366e-01	5.446270e+00
1.462076169996218e-01	5.446090e+00
1.462076200330328e-01	5.445944e+00
1.462076232175018e-01	5.445834e+00
1.462076270671717e-01	5.445730e+00
1.462076313569039e-01	5.445635e+00
1.462076367946726e-01	5.445527e+00
1.462076432652461e-01	5.445408e+00
1.462076520492722e-01	5.445255e+00
1.462076630333076e-01	5.445072e+00
1.462076825948830e-01	5.444764e+00
1.462077183006368e-01	5.444245e+00
1.462077775234630e-01	5.443476e+00
1.462078539781316e-01	5.442596e+00
1.462079503277196e-01	5.441607e+00
1.462080743221306e-01	5.440466e+00
1.462082607203269e-01	5.439155e+00
1.462084359385246e-01	5.438816e+00
1.462086069269400e-01	5.438923e+00
1.462087580118936e-01	5.438910e+00
1.462089180400249e-01	5.438927e+00
1.462092014378170e-01	5.438947e+00
1.462096811529538e-01	5.438984e+00
1.462106405832274e-01	5.439057e+00
1.462108804407958e-01	5.439076e+00
1.462111419898854e-01	5.439095e+00
1.462112817471123e-01	5.439103e+00
1.462113661550797e-01	5.439106e+00
1.462114300099818e-01	5.439106e+00
1.462115006289730e-01	5.439106e+00
1.462115645429906e-01	5.439104e+00
1.462116199836179e-01	5.439101e+00
1.462116781923550e-01	5.439098e+00
1.462117426116323e-01	5.439095e+00
1.462118089553297e-01	5.439092e+00
1.462118846634661e-01	5.439088e+00
1.462119669156845e-01	5.439085e+00
1.462120663289903e-01	5.439081e+00
1.462121733689315e-01	5.439077e+00
1.462122791502062e-01	5.439074e+00
1.462123950180646e-01	5.439070e+00
1.462125192754256e-01	5.439066e+00
1.462126789767207e-01	5.439061e+00
1.462128602583748e-01	5.439054e+00
1.462132918701215e-01	5.439040e+00
1.462176773355048e-01	5.438890e+00
1.462185638720451e-01	5.438859e+00
1.462191421524137e-01	5.438839e+00
1.462195168583744e-01	5.438827e+00
1.462197775631147e-01	5.438818e+00
1.462200875399098e-01	5.438807e+00
1.462203007349225e-01	5.438799e+00
1.462204793721703e-01	5.438793e+00
1.462206995776174e-01	5.438786e+00
1.462212124628364e-01	5.438768e+00
1.473012280527806e-01	5.401773e+00
1.483812436427247e-01	5.364797e+00
1.494612592326689e-01	5.327841e+00
1.505412748226131e-01	5.290905e+00
1.516212904125573e-01	5.253989e+00
1.527013060025015e-01	5.217093e+00
1.537813215924456e-01	5.180216e+00
1.537913215924457e-01	5.179875e+00
1.546856073067323e-01	5.149355e+00
1.555798930210189e-01	5.118849e+00
1.564741787353055e-01	5.088356e+00
1.573684644495921e-01	5.057877e+00
1.582627501638787e-01	5.027412e+00
1.591570358781653e-01	4.996960e+00
1.600513215924519e-01	4.966521e+00
1.606184644495953e-01	4.947225e+00
1.611856073067388e-01	4.927933e+00
1.617527501638822e-01	4.908648e+00
1.623198930210256e-01	4.889367e+00
1.628870358781691e-01	4.870093e+00
1.634541787353125e-01	4.850823e+00
1.640213215924559e-01	4.831559e+00
1.640313215924559e-01	4.831220e+00
1.654279601879617e-01	4.783804e+00
1.668245987834675e-01	4.736421e+00
1.682212373789733e-01	4.689071e+00
1.696178759744792e-01	4.641754e+00
1.710145145699850e-01	4.594470e+00
1.724111531654908e-01	4.547219e+00
1.738077917609966e-01	4.500000e+00
1.738077917615927e-01	4.500000e+00
1.738077917616113e-01	4.500000e+00
1.738077917616160e-01	4.500000e+00
1.738077917616253e-01	4.500000e+00
1.738077917616276e-01	4.500000e+00
1.738077917616323e-01	4.500000e+00
1.738077917616416e-01	4.500000e+00
1.738077917616602e-01	4.500000e+00
1.738077917616975e-01	4.500000e+00
1.738077917617720e-01	4.500000e+00
1.738077917619210e-01	4.500000e+00
1.738077917622190e-01	4.500000e+00
1.738077917628151e-01	4.500000e+00
1.738077917640072e-01	4.500000e+00
1.738077917663913e-01	4.500000e+00
1.738077917711597e-01	4.500000e+00
1.738077918379169e-01	4.500000e+00
1.738077923719745e-01	4.500005e+00
1.738078034454957e-01	4.500096e+00
1.738078145190169e-01	4.500188e+00
1.738078255925382e-01	4.500281e+00
1.738078366660593e-01	4.500374e+00
1.738078477395806e-01	4.500469e+00
1.738078588131018e-01	4.500564e+00
1.738078698866230e-01	4.500659e+00
1.738079480116230e-01	4.501359e+00
1.738080868908657e-01	4.502737e+00
1.738082290085578e-01	4.504435e+00
1.738082869871759e-01	4.505285e+00
1.738083210213965e-01	4.505878e+00
1.738083395459150e-01	4.506611e+00
1.738083474233660e-01	4.507996e+00
1.738083515807487e-01	4.509876e+00
1.738083552117230e-01	4.512954e+00
1.738083591130289e-01	4.518674e+00
1.738083633009173e-01	4.528621e+00
1.738083685680459e-01	4.547584e+00
1.738083752286852e-01	4.581084e+00
1.738083825131272e-01	4.626825e+00
1.738083902867821e-01	4.682391e+00
1.738084006607847e-01	4.762965e+00
1.738084178597092e-01	4.904922e+00
1.738084390934608e-01	5.086879e+00
1.738084619218634e-01	5.285724e+00
1.738084854249478e-01	5.491845e+00
1.738084945258788e-01	5.518645e+00
1.738085039775655e-01	5.480523e+00
1.738085064601373e-01	5.470916e+00
1.738085099997383e-01	5.461855e+00
1.738085120763530e-01	5.457492e+00
1.738085146309193e-01	5.453659e+00
1.738085165112183e-01	5.451537e+00
1.738085192684314e-01	5.449407e+00
1.738085212967557e-01	5.448346e+00
1.738085238390901e-01	5.447453e+00
1.738085263236114e-01	5.446887e+00
1.738085286571608e-01	5.446535e+00
1.738085312663586e-01	5.446270e+00
1.738085338802436e-01	5.446091e+00
1.738085369136547e-01	5.445945e+00
1.738085400981237e-01	5.445834e+00
1.738085439477939e-01	5.445731e+00
1.738085482375260e-01	5.445635e+00
1.738085536752949e-01	5.445528e+00
1.738085601458685e-01	5.445409e+00
1.738085689298951e-01	5.445256e+00
1.738085799139305e-01	5.445073e+00
1.738085994755131e-01	5.444764e+00
1.738086351812780e-01	5.444246e+00
1.738086944041256e-01	5.443477e+00
1.738087708588228e-01	5.442596e+00
1.738088672084279e-01	5.441607e+00
1.738089912028856e-01	5.440467e+00
1.738091776011624e-01	5.439155e+00
1.738093528195740e-01	5.438816e+00
1.738095238082128e-01	5.438923e+00
1.738096748934567e-01	5.438910e+00
1.738098349217719e-01	5.438927e+00
1.738101183197360e-01	5.438947e+00
1.738105980345981e-01	5.438984e+00
1.738115574643225e-01	5.439058e+00
1.738117973217536e-01	5.439077e+00
1.738120588718119e-01	5.439095e+00
1.738121986294122e-01	5.439104e+00
1.738122830375449e-01	5.439106e+00
1.738123468924551e-01	5.439107e+00
1.738124175114038e-01	5.439106e+00
1.738124814255350e-01	5.439104e+00
1.738125368661971e-01	5.439102e+00
1.738125950749210e-01	5.439099e+00
1.738126594942029e-01	5.439095e+00
1.738127258378804e-01	5.439092e+00
1.738128015460124e-01	5.439088e+00
1.738128837982100e-01	5.439085e+00
1.738129832114907e-01	5.439081e+00
1.738130902515160e-01	5.439078e+00
1.738131960328159e-01	5.439075e+00
1.738133119006782e-01	5.439071e+00
1.738134361580087e-01	5.439067e+00
1.738135958592907e-01	5.439061e+00
1.738137771409846e-01	5.439055e+00
1.738142087526950e-01	5.439040e+00
1.738185942177048e-01	5.438890e+00
1.738194807560638e-01	5.438859e+00
1.738200590375379e-01	5.438840e+00
1.738204337443357e-01	5.438827e+00
1.738206944492980e-01	5.438818e+00
1.738210044265220e-01	5.438807e+00
1.738212176222884e-01	5.438800e+00
1.738213962596601e-01	5.438794e+00
1.738216164651746e-01	5.438787e+00
1.738221293504308e-01	5.438769e+00
1.751078592285539e-01	5.394729e+00
1.763935891066769e-01	5.350717e+00
1.776793189848000e-01	5.306733e+00
1.789650488629231e-01	5.262778e+00
1.802507787410462e-01	5.218850e+00
1.815365086191693e-01	5.174951e+00
1.828222384972923e-01	5.131080e+00
1.828322384972923e-01	5.130738e+00
1.835636670687216e-01	5.105793e+00
1.842950956401509e-01	5.080858e+00
1.850265242115802e-01	5.055931e+00
1.857579527830096e-01	5.031013e+00
1.864893813544388e-01	5.006104e+00
1.872208099258681e-01	4.981204e+00
1.879522384972974e-01	4.956314e+00
1.886822384972982e-01	4.931481e+00
1.894122384972989e-01	4.906657e+00
1.901422384972996e-01	4.881842e+00
1.908722384973004e-01	4.857036e+00
1.916022384973011e-01	4.832239e+00
1.923322384973018e-01	4.807451e+00
1.930622384973026e-01	4.782672e+00
1.930722384973026e-01	4.782333e+00
1.942631649821738e-01	4.741928e+00
1.954540914670451e-01	4.701547e+00
1.966450179519163e-01	4.661189e+00
1.978359444367876e-01	4.620856e+00
1.990268709216588e-01	4.580547e+00
2.002177974065301e-01	4.540261e+00
2.014087238914013e-01	4.500000e+00
2.014087238916993e-01	4.500000e+00
2.014087238922954e-01	4.500000e+00
2.014087238923140e-01	4.500000e+00
2.014087238923513e-01	4.500000e+00
2.014087238923606e-01	4.500000e+00
2.014087238923792e-01	4.500000e+00
2.014087238923839e-01	4.500000e+00
2.014087238923932e-01	4.500000e+00
2.014087238924118e-01	4.500000e+00
2.014087238924491e-01	4.500000e+00
2.014087238925236e-01	4.500000e+00
2.014087238926726e-01	4.500000e+00
2.014087238929706e-01	4.500000e+00
2.014087238935666e-01	4.500000e+00
2.014087238947588e-01	4.500000e+00
2.014087238971429e-01	4.500000e+00
2.014087239019113e-01	4.500000e+00
2.014087239686685e-01	4.500000e+00
2.014087245027261e-01	4.500005e+00
2.014087355762473e-01	4.500096e+00
2.014087466497685e-01	4.500188e+00
2.014087577232898e-01	4.500281e+00
2.014087687968109e-01	4.500374e+00
2.014087798703321e-01	4.500469e+00
2.014087909438534e-01	4.500564e+00
2.014088020173746e-01	4.500659e+00
2.014088801423746e-01	4.501359e+00
2.014090190216077e-01	4.502737e+00
2.014091611392960e-01	4.504435e+00
2.014092191179325e-01	4.505285e+00
2.014092531521496e-01	4.505878e+00
2.014092716766686e-01	4.506611e+00
2.014092795541141e-01	4.507996e+00
2.014092837114960e-01	4.509876e+00
2.014092873424687e-01	4.512954e+00
2.014092912437737e-01	4.518674e+00
2.014092954316600e-01	4.528621e+00
2.014093006987799e-01	4.547584e+00
2.014093073594108e-01	4.581084e+00
2.014093146438530e-01	4.626825e+00
2.014093224174994e-01	4.682390e+00
2.014093327914837e-01	4.762964e+00
2.014093499903403e-01	4.904921e+00
2.014093712240967e-01	5.086878e+00
2.014093940524851e-01	5.285723e+00
2.014094175555559e-01	5.491843e+00
2.014094266564853e-01	5.518644e+00
2.014094361081682e-01	5.480522e+00
2.014094385907395e-01	5.470915e+00
2.014094421303409e-01	5.461854e+00
2.014094442069564e-01	5.457491e+00
2.014094467615233e-01	5.453658e+00
2.014094486418229e-01	5.451536e+00
2.014094513990373e-01	5.449406e+00
2.014094534273622e-01	5.448344e+00
2.014094559696967e-01	5.447452e+00
2.014094584542176e-01	5.446886e+00
2.014094607877672e-01	5.446534e+00
2.014094633969647e-01	5.446269e+00
2.014094660108500e-01	5.446089e+00
2.014094690442607e-01	5.445944e+00
2.014094722287298e-01	5.445833e+00
2.014094760783995e-01	5.445729e+00
2.014094803681317e-01	5.445634e+00
2.014094858058999e-01	5.445526e+00
2.014094922764735e-01	5.445408e+00
2.014095010604987e-01	5.445254e+00
2.014095120445341e-01	5.445072e+00
2.014095316060974e-01	5.444763e+00
2.014095673118328e-01	5.444245e+00
2.014096265346235e-01	5.443475e+00
2.014097029892445e-01	5.442595e+00
2.014097993388046e-01	5.441606e+00
2.014099233331383e-01	5.440465e+00
2.014101097312021e-01	5.439154e+00
2.014102849490448e-01	5.438815e+00
2.014104559370896e-01	5.438922e+00
2.014106070215610e-01	5.438909e+00
2.014107670493872e-01	5.438926e+00
2.014110504468928e-01	5.438946e+00
2.014115301624846e-01	5.438983e+00
2.014124895936682e-01	5.439056e+00
2.014127294514640e-01	5.439075e+00
2.014129909989880e-01	5.439095e+00
2.014131307556117e-01	5.439102e+00
2.014132151633117e-01	5.439105e+00
2.014132790182006e-01	5.439106e+00
2.014133496372605e-01	5.439105e+00
2.014134135510945e-01	5.439103e+00
2.014134689916646e-01	5.439100e+00
2.014135272004235e-01	5.439097e+00
2.014135916196931e-01	5.439094e+00
2.014136579634241e-01	5.439091e+00
2.014137336715648e-01	5.439087e+00
2.014138159238186e-01	5.439084e+00
2.014139153371627e-01	5.439080e+00
2.014140223769668e-01	5.439076e+00
2.014141281582009e-01	5.439073e+00
2.014142440260533e-01	5.439069e+00
2.014143682834613e-01	5.439065e+00
2.014145279847779e-01	5.439060e+00
2.014147092663704e-01	5.439054e+00
2.014151408781742e-01	5.439039e+00
2.014195263441711e-01	5.438889e+00
2.014204128778918e-01	5.438858e+00
2.014209911565493e-01	5.438838e+00
2.014213658612146e-01	5.438826e+00
2.014216265656165e-01	5.438817e+00
2.014219365417618e-01	5.438806e+00
2.014221497356008e-01	5.438798e+00
2.014223283726571e-01	5.438793e+00
2.014225485780055e-01	5.438785e+00
2.014230614631797e-01	5.438767e+00
2.016931705675453e-01	5.429513e+00
2.031545991389753e-01	5.379464e+00
2.046160277104054e-01	5.329451e+00
2.060774562818354e-01	5.279475e+00
2.075388848532654e-01	5.229534e+00
2.090003134246955e-01	5.179630e+00
2.104617419961255e-01	5.129762e+00
2.119231705675555e-01	5.079931e+00
2.119331705675555e-01	5.079590e+00
2.129203134246994e-01	5.045951e+00
2.139074562818432e-01	5.012329e+00
2.148945991389871e-01	4.978723e+00
2.158817419961309e-01	4.945134e+00
2.168688848532748e-01	4.911561e+00
2.178560277104186e-01	4.878005e+00
2.188431705675624e-01	4.844465e+00
2.193174562818486e-01	4.828357e+00
2.197917419961348e-01	4.812252e+00
2.202660277104210e-01	4.796150e+00
2.207403134247072e-01	4.780053e+00
2.212145991389934e-01	4.763959e+00
2.216888848532796e-01	4.747869e+00
2.221631705675658e-01	4.731783e+00
2.221731705675658e-01	4.731444e+00
2.231498056296653e-01	4.698333e+00
2.241264406917647e-01	4.665237e+00
2.251030757538642e-01	4.632158e+00
2.260797108159637e-01	4.599094e+00
2.270563458780632e-01	4.566047e+00
2.280329809401627e-01	4.533015e+00
2.290096160022622e-01	4.500000e+00
2.290096160026347e-01	4.500000e+00
2.290096160028210e-01	4.500000e+00
2.290096160028955e-01	4.500000e+00
2.290096160029141e-01	4.500000e+00
2.290096160029187e-01	4.500000e+00
2.290096160029281e-01	4.500000e+00
2.290096160029467e-01	4.500000e+00
2.290096160029514e-01	4.500000e+00
2.290096160029607e-01	4.500000e+00
2.290096160029793e-01	4.500000e+00
2.290096160030166e-01	4.500000e+00
2.290096160030911e-01	4.500000e+00
2.290096160032401e-01	4.500000e+00
2.290096160035381e-01	4.500000e+00
2.290096160041341e-01	4.500000e+00
2.290096160053262e-01	4.500000e+00
2.290096160077104e-01	4.500000e+00
2.290096160124788e-01	4.500000e+00
2.290096160792360e-01	4.500000e+00
2.290096166132936e-01	4.500005e+00
2.290096276868148e-01	4.500096e+00
2.290096387603360e-01	4.500188e+00
2.290096498338572e-01	4.500281e+00
2.290096609073784e-01	4.500374e+00
2.290096719808996e-01	4.500469e+00
2.290096830544208e-01	4.500564e+00
2.290096941279421e-01	4.500659e+00
2.290097722529421e-01	4.501359e+00
2.290099111321739e-01	4.502737e+00
2.290100532498638e-01	4.504435e+00
2.290101112284963e-01	4.505285e+00
2.290101452627155e-01	4.505878e+00
2.290101637872339e-01	4.506611e+00
2.290101716646816e-01	4.507996e+00
2.290101758220637e-01	4.509876e+00
2.290101794530365e-01	4.512954e+00
2.290101833543416e-01	4.518674e+00
2.290101875422272e-01	4.528621e+00
2.290101928093481e-01	4.547584e+00
2.290101994699798e-01	4.581084e+00
2.290102067544219e-01	4.626825e+00
2.290102145280686e-01	4.682390e+00
2.290102249020535e-01	4.762964e+00
2.290102421009128e-01	4.904921e+00
2.290102633346695e-01	5.086878e+00
2.290102861630582e-01	5.285723e+00
2.290103096661297e-01	5.491843e+00
2.290103187670592e-01	5.518644e+00
2.290103282187423e-01	5.480522e+00
2.290103307013137e-01	5.470915e+00
2.290103342409150e-01	5.461854e+00
2.290103363175305e-01	5.457491e+00
2.290103388720974e-01	5.453658e+00
2.290103407523970e-01	5.451536e+00
2.290103435096112e-01	5.449406e+00
2.290103455379362e-01	5.448344e+00
2.290103480802706e-01	5.447452e+00
2.290103505647915e-01	5.446886e+00
2.290103528983412e-01	5.446534e+00
2.290103555075387e-01	5.446269e+00
2.290103581214239e-01	5.446089e+00
2.290103611548347e-01	5.445944e+00
2.290103643393038e-01	5.445833e+00
2.290103681889735e-01	5.445729e+00
2.290103724787056e-01	5.445634e+00
2.290103779164739e-01	5.445526e+00
2.290103843870475e-01	5.445408e+00
2.290103931710728e-01	5.445254e+00
2.290104041551082e-01	5.445072e+00
2.290104237166725e-01	5.444763e+00
2.290104594224094e-01	5.444245e+00
2.290105186452027e-01	5.443476e+00
2.290105950998274e-01	5.442595e+00
2.290106914493894e-01	5.441606e+00
2.290108154437289e-01	5.440465e+00
2.290110018418024e-01	5.439154e+00
2.290111770596724e-01	5.438815e+00
2.290113480477457e-01	5.438922e+00
2.290114991322545e-01	5.438909e+00
2.290116591601041e-01	5.438926e+00
2.290119425576322e-01	5.438946e+00
2.290124222731893e-01	5.438983e+00
2.290133817043035e-01	5.439057e+00
2.290136215620820e-01	5.439075e+00
2.290138831097060e-01	5.439095e+00
2.290140228663681e-01	5.439102e+00
2.290141072740852e-01	5.439105e+00
2.290141711289749e-01	5.439106e+00
2.290142417480304e-01	5.439105e+00
2.290143056618764e-01	5.439103e+00
2.290143611024499e-01	5.439100e+00
2.290144193112079e-01	5.439097e+00
2.290144837304781e-01	5.439094e+00
2.290145500742065e-01	5.439091e+00
2.290146257823478e-01	5.439087e+00
2.290147080345989e-01	5.439084e+00
2.290148074479411e-01	5.439080e+00
2.290149144877544e-01	5.439076e+00
2.290150202689904e-01	5.439073e+00
2.290151361368430e-01	5.439070e+00
2.290152603942490e-01	5.439065e+00
2.290154200955643e-01	5.439060e+00
2.290156013771597e-01	5.439054e+00
2.290160329889599e-01	5.439039e+00
2.290204184549165e-01	5.438889e+00
2.290213049888525e-01	5.438858e+00
2.290218832676404e-01	5.438838e+00
2.290222579724042e-01	5.438826e+00
2.290225186768333e-01	5.438817e+00
2.290228286530310e-01	5.438806e+00
2.290230418469580e-01	5.438799e+00
2.290232204840289e-01	5.438793e+00
2.290234406893861e-01	5.438785e+00
2.290239535745668e-01	5.438767e+00
2.307940626814179e-01	5.378143e+00
2.322554912528480e-01	5.328132e+00
2.337169198242780e-01	5.278156e+00
2.351783483957081e-01	5.228217e+00
2.366397769671381e-01	5.178314e+00
2.381012055385681e-01	5.128447e+00
2.395626341099981e-01	5.078616e+00
2.410240626814282e-01	5.028822e+00
2.410340626814282e-01	5.028481e+00
2.417554912528575e-01	5.003914e+00
2.424769198242868e-01	4.979355e+00
2.431983483957161e-01	4.954806e+00
2.439197769671454e-01	4.930265e+00
2.446412055385747e-01	4.905733e+00
2.453626341100039e-01	4.881209e+00
2.460840626814332e-01	4.856695e+00
2.468240626814340e-01	4.831559e+00
2.475640626814347e-01	4.806431e+00
2.483040626814355e-01	4.781313e+00
2.490440626814362e-01	4.756205e+00
2.497840626814369e-01	4.731105e+00
2.505240626814377e-01	4.706015e+00
2.512640626814384e-01	4.680934e+00
2.512740626814384e-01	4.680595e+00
2.520364122634982e-01	4.654767e+00
2.527987618455581e-01	4.628948e+00
2.535611114276178e-01	4.603139e+00
2.543234610096777e-01	4.577339e+00
2.550858105917375e-01	4.551550e+00
2.558481601737973e-01	4.525770e+00
2.566105097558571e-01	4.500000e+00
2.566105097561551e-01	4.500000e+00
2.566105097562296e-01	4.500000e+00
2.566105097562483e-01	4.500000e+00
2.566105097562855e-01	4.500000e+00
2.566105097562948e-01	4.500000e+00
2.566105097563135e-01	4.500000e+00
2.566105097563507e-01	4.500000e+00
2.566105097563519e-01	4.500000e+00
2.566105097563542e-01	4.500000e+00
2.566105097563589e-01	4.500000e+00
2.566105097563682e-01	4.500000e+00
2.566105097563869e-01	4.500000e+00
2.566105097564241e-01	4.500000e+00
2.566105097564986e-01	4.500000e+00
2.566105097566476e-01	4.500000e+00
2.566105097569457e-01	4.500000e+00
2.566105097575417e-01	4.500000e+00
2.566105097587338e-01	4.500000e+00
2.566105097611180e-01	4.500000e+00
2.566105097658863e-01	4.500000e+00
2.566105098326436e-01	4.500000e+00
2.566105103667012e-01	4.500005e+00
2.566105214402224e-01	4.500096e+00
2.566105325137436e-01	4.500188e+00
2.566105435872648e-01	4.500281e+00
2.566105546607860e-01	4.500374e+00
2.566105657343072e-01	4.500469e+00
2.566105768078284e-01	4.500564e+00
2.566105878813496e-01	4.500659e+00
2.566106660063496e-01	4.501359e+00
2.566108048855920e-01	4.502737e+00
2.566109470032844e-01	4.504435e+00
2.566110049819217e-01	4.505285e+00
2.566110390161321e-01	4.505878e+00
2.566110575406538e-01	4.506611e+00
2.566110654180943e-01	4.507996e+00
2.566110695754757e-01	4.509876e+00
2.566110732064498e-01	4.512954e+00
2.566110771077553e-01	4.518674e+00
2.566110812956442e-01	4.528621e+00
2.566110865627731e-01	4.547584e+00
2.566110932234126e-01	4.581084e+00
2.566111005078546e-01	4.626825e+00
2.566111082815101e-01	4.682391e+00
2.566111186555134e-01	4.762965e+00
2.566111358544422e-01	4.904922e+00
2.566111570881938e-01	5.086879e+00
2.566111799165972e-01	5.285724e+00
2.566112034196825e-01	5.491845e+00
2.566112125206135e-01	5.518645e+00
2.566112219723005e-01	5.480523e+00
2.566112244548723e-01	5.470916e+00
2.566112279944733e-01	5.461855e+00
2.566112300710879e-01	5.457492e+00
2.566112326256542e-01	5.453659e+00
2.566112345059531e-01	5.451537e+00
2.566112372631661e-01	5.449407e+00
2.566112392914904e-01	5.448346e+00
2.566112418338248e-01	5.447453e+00
2.566112443183461e-01	5.446887e+00
2.566112466518955e-01	5.446535e+00
2.566112492610933e-01	5.446270e+00
2.566112518749784e-01	5.446091e+00
2.566112549083895e-01	5.445945e+00
2.566112580928585e-01	5.445835e+00
2.566112619425286e-01	5.445731e+00
2.566112662322607e-01	5.445635e+00
2.566112716700297e-01	5.445528e+00
2.566112781406033e-01	5.445409e+00
2.566112869246300e-01	5.445256e+00
2.566112979086654e-01	5.445073e+00
2.566113174702492e-01	5.444764e+00
2.566113531760159e-01	5.444246e+00
2.566114123988671e-01	5.443477e+00
2.566114888535692e-01	5.442596e+00
2.566115852031770e-01	5.441607e+00
2.566117091976423e-01	5.440467e+00
2.566118955959322e-01	5.439155e+00
2.566120708143795e-01	5.438816e+00
2.566122418030555e-01	5.438923e+00
2.566123928883481e-01	5.438910e+00
2.566125529166939e-01	5.438927e+00
2.566128363146871e-01	5.438947e+00
2.566133160295037e-01	5.438984e+00
2.566142754591370e-01	5.439058e+00
2.566145153165453e-01	5.439077e+00
2.566147768667498e-01	5.439096e+00
2.566149166244064e-01	5.439104e+00
2.566150010325641e-01	5.439106e+00
2.566150648874756e-01	5.439107e+00
2.566151355064180e-01	5.439106e+00
2.566151994205663e-01	5.439104e+00
2.566152548612340e-01	5.439102e+00
2.566153130699555e-01	5.439099e+00
2.566153774892379e-01	5.439095e+00
2.566154438329128e-01	5.439092e+00
2.566155195410439e-01	5.439088e+00
2.566156017932386e-01	5.439085e+00
2.566157012065152e-01	5.439081e+00
2.566158082465529e-01	5.439078e+00
2.566159140278568e-01	5.439075e+00
2.566160298957200e-01	5.439071e+00
2.566161541530450e-01	5.439067e+00
2.566163138543255e-01	5.439062e+00
2.566164951360254e-01	5.439055e+00
2.566169267477305e-01	5.439040e+00
2.566213122126796e-01	5.438890e+00
2.566221987513877e-01	5.438859e+00
2.566227770330722e-01	5.438840e+00
2.566231517400300e-01	5.438827e+00
2.566234124450370e-01	5.438818e+00
2.566237224223495e-01	5.438807e+00
2.566239356182563e-01	5.438800e+00
2.566241142556520e-01	5.438794e+00
2.566243344611823e-01	5.438787e+00
2.566248473464527e-01	5.438769e+00
2.598949564975422e-01	5.326814e+00
2.613563850689722e-01	5.276839e+00
2.628178136404022e-01	5.226901e+00
2.642792422118323e-01	5.176998e+00
2.657406707832623e-01	5.127133e+00
2.672020993546924e-01	5.077303e+00
2.686635279261224e-01	5.027509e+00
2.701249564975524e-01	4.977752e+00
2.701349564975524e-01	4.977412e+00
2.715963850689825e-01	4.927691e+00
2.730578136404125e-01	4.878006e+00
2.745192422118425e-01	4.828358e+00
2.759806707832725e-01	4.778745e+00
2.774420993547026e-01	4.729169e+00
2.789035279261326e-01	4.679628e+00
2.803649564975627e-01	4.630124e+00
2.803749564975627e-01	4.629786e+00
2.842114442446994e-01	4.500000e+00
2.842114442458915e-01	4.500000e+00
2.842114442459287e-01	4.500000e+00
2.842114442459380e-01	4.500000e+00
2.842114442459613e-01	4.500000e+00
2.842114442459707e-01	4.500000e+00
2.842114442459893e-01	4.500000e+00
2.842114442459940e-01	4.500000e+00
2.842114442460033e-01	4.500000e+00
2.842114442460220e-01	4.500000e+00
2.842114442460592e-01	4.500000e+00
2.842114442461337e-01	4.500000e+00
2.842114442462827e-01	4.500000e+00
2.842114442465807e-01	4.500000e+00
2.842114442471768e-01	4.500000e+00
2.842114442483689e-01	4.500000e+00
2.842114442507531e-01	4.500000e+00
2.842114442555214e-01	4.500000e+00
2.842114443222786e-01	4.500000e+00
2.842114448563363e-01	4.500005e+00
2.842114559298575e-01	4.500096e+00
2.842114670033787e-01	4.500188e+00
2.842114780768999e-01	4.500281e+00
2.842114891504210e-01	4.500374e+00
2.842115002239423e-01	4.500469e+00
2.842115112974635e-01	4.500564e+00
2.842115223709847e-01	4.500659e+00
2.842116004959847e-01	4.501359e+00
2.842117393752191e-01	4.502737e+00
2.842118814929070e-01	4.504435e+00
2.842119394715445e-01	4.505285e+00
2.842119735057608e-01	4.505878e+00
2.842119920302797e-01	4.506611e+00
2.842119999077246e-01	4.507996e+00
2.842120040651064e-01	4.509876e+00
2.842120076960792e-01	4.512954e+00
2.842120115973841e-01	4.518674e+00
2.842120157852698e-01	4.528621e+00
2.842120210523906e-01	4.547584e+00
2.842120277130222e-01	4.581084e+00
2.842120349974643e-01	4.626825e+00
2.842120427711110e-01	4.682390e+00
2.842120531450958e-01	4.762964e+00
2.842120703439551e-01	4.904921e+00
2.842120915777117e-01	5.086878e+00
2.842121144061004e-01	5.285723e+00
2.842121379091719e-01	5.491843e+00
2.842121470101014e-01	5.518644e+00
2.842121564617844e-01	5.480522e+00
2.842121589443558e-01	5.470915e+00
2.842121624839571e-01	5.461854e+00
2.842121645605727e-01	5.457491e+00
2.842121671151395e-01	5.453658e+00
2.842121689954391e-01	5.451536e+00
2.842121717526534e-01	5.449406e+00
2.842121737809783e-01	5.448344e+00
2.842121763233128e-01	5.447452e+00
2.842121788078337e-01	5.446886e+00
2.842121811413834e-01	5.446534e+00
2.842121837505809e-01	5.446269e+00
2.842121863644662e-01	5.446089e+00
2.842121893978769e-01	5.445944e+00
2.842121925823460e-01	5.445833e+00
2.842121964320157e-01	5.445729e+00
2.842122007217479e-01	5.445634e+00
2.842122061595162e-01	5.445526e+00
2.842122126300898e-01	5.445408e+00
2.842122214141151e-01	5.445254e+00
2.842122323981505e-01	5.445072e+00
2.842122519597147e-01	5.444763e+00
2.842122876654515e-01	5.444245e+00
2.842123468882446e-01	5.443476e+00
2.842124233428691e-01	5.442595e+00
2.842125196924309e-01	5.441606e+00
2.842126436867701e-01	5.440465e+00
2.842128300848429e-01	5.439154e+00
2.842130053027107e-01	5.438815e+00
2.842131762907817e-01	5.438922e+00
2.842133273752875e-01	5.438909e+00
2.842134874031352e-01	5.438926e+00
2.842137708006615e-01	5.438946e+00
2.842142505162213e-01	5.438983e+00
2.842152099473409e-01	5.439057e+00
2.842154498051208e-01	5.439075e+00
2.842157113527414e-01	5.439095e+00
2.842158511094023e-01	5.439102e+00
2.842159355171188e-01	5.439105e+00
2.842159993720086e-01	5.439106e+00
2.842160699910642e-01	5.439105e+00
2.842161339049098e-01	5.439103e+00
2.842161893454833e-01	5.439100e+00
2.842162475542409e-01	5.439097e+00
2.842163119735109e-01	5.439094e+00
2.842163783172396e-01	5.439091e+00
2.842164540253803e-01	5.439087e+00
2.842165362776319e-01	5.439084e+00
2.842166356909737e-01	5.439080e+00
2.842167427307863e-01	5.439076e+00
2.842168485120232e-01	5.439073e+00
2.842169643798760e-01	5.439070e+00
2.842170886372813e-01	5.439065e+00
2.842172483385966e-01	5.439060e+00
2.842174296201920e-01	5.439054e+00
2.842178612319918e-01	5.439039e+00
2.842222466979460e-01	5.438889e+00
2.842231332319082e-01	5.438858e+00
2.842237115107109e-01	5.438838e+00
2.842240862154866e-01	5.438826e+00
2.842243469199197e-01	5.438817e+00
2.842246568961265e-01	5.438806e+00
2.842248700900623e-01	5.438799e+00
2.842250487271352e-01	5.438793e+00
2.842252689324948e-01	5.438785e+00
2.842257818176788e-01	5.438767e+00
2.849100831186953e-01	5.415325e+00
2.855943844197118e-01	5.391890e+00
2.862786857207283e-01	5.368463e+00
2.869629870217448e-01	5.345044e+00
2.876472883227613e-01	5.321633e+00
2.883315896237778e-01	5.298230e+00
2.890158909247942e-01	5.274835e+00
2.890258909247942e-01	5.274494e+00
2.902844623533669e-01	5.231486e+00
2.915430337819396e-01	5.188506e+00
2.928016052105123e-01	5.145553e+00
2.940601766390850e-01	5.102626e+00
2.953187480676577e-01	5.059726e+00
2.965773194962304e-01	5.016853e+00
2.978358909248031e-01	4.974007e+00
2.980387480676604e-01	4.967104e+00
2.982416052105177e-01	4.960201e+00
2.984444623533751e-01	4.953299e+00
2.986473194962325e-01	4.946398e+00
2.988501766390898e-01	4.939497e+00
2.990530337819471e-01	4.932597e+00
2.992558909248045e-01	4.925698e+00
2.992658909248045e-01	4.925358e+00
3.007273194962345e-01	4.875675e+00
3.021887480676645e-01	4.826028e+00
3.036501766390946e-01	4.776417e+00
3.051116052105246e-01	4.726842e+00
3.065730337819547e-01	4.677303e+00
3.080344623533847e-01	4.627801e+00
3.094958909248147e-01	4.578334e+00
3.095058909248147e-01	4.577996e+00
3.118123379283008e-01	4.500000e+00
3.118123379286734e-01	4.500000e+00
3.118123379289341e-01	4.500000e+00
3.118123379290831e-01	4.500000e+00
3.118123379290877e-01	4.500000e+00
3.118123379290971e-01	4.500000e+00
3.118123379290994e-01	4.500000e+00
3.118123379291041e-01	4.500000e+00
3.118123379291134e-01	4.500000e+00
3.118123379291320e-01	4.500000e+00
3.118123379291693e-01	4.500000e+00
3.118123379292438e-01	4.500000e+00
3.118123379293928e-01	4.500000e+00
3.118123379296908e-01	4.500000e+00
3.118123379302868e-01	4.500000e+00
3.118123379314789e-01	4.500000e+00
3.118123379338631e-01	4.500000e+00
3.118123379386315e-01	4.500000e+00
3.118123380053887e-01	4.500000e+00
3.118123385394463e-01	4.500005e+00
3.118123496129676e-01	4.500096e+00
3.118123606864888e-01	4.500188e+00
3.118123717600100e-01	4.500281e+00
3.118123828335311e-01	4.500374e+00
3.118123939070523e-01	4.500469e+00
3.118124049805736e-01	4.500564e+00
3.118124160540948e-01	4.500659e+00
3.118124941790948e-01	4.501359e+00
3.118126330583300e-01	4.502737e+00
3.118127751760182e-01	4.504435e+00
3.118128331546517e-01	4.505285e+00
3.118128671888699e-01	4.505878e+00
3.118128857133881e-01	4.506611e+00
3.118128935908349e-01	4.507996e+00
3.118128977482170e-01	4.509876e+00
3.118129013791898e-01	4.512954e+00
3.118129052804948e-01	4.518674e+00
3.118129094683803e-01	4.528621e+00
3.118129147355021e-01	4.547584e+00
3.118129213961345e-01	4.581084e+00
3.118129286805765e-01	4.626825e+00
3.118129364542238e-01	4.682390e+00
3.118129468282095e-01	4.762964e+00
3.118129640270725e-01	4.904921e+00
3.118129852608291e-01	5.086878e+00
3.118130080892185e-01	5.285723e+00
3.118130315922908e-01	5.491843e+00
3.118130406932204e-01	5.518644e+00
3.118130501449036e-01	5.480522e+00
3.118130526274751e-01	5.470915e+00
3.118130561670764e-01	5.461854e+00
3.118130582436919e-01	5.457491e+00
3.118130607982587e-01	5.453658e+00
3.118130626785582e-01	5.451536e+00
3.118130654357725e-01	5.449406e+00
3.118130674640974e-01	5.448344e+00
3.118130700064318e-01	5.447452e+00
3.118130724909527e-01	5.446886e+00
3.118130748245024e-01	5.446534e+00
3.118130774336999e-01	5.446269e+00
3.118130800475852e-01	5.446089e+00
3.118130830809959e-01	5.445944e+00
3.118130862654651e-01	5.445833e+00
3.118130901151348e-01	5.445730e+00
3.118130944048669e-01	5.445634e+00
3.118130998426353e-01	5.445527e+00
3.118131063132089e-01	5.445408e+00
3.118131150972342e-01	5.445255e+00
3.118131260812696e-01	5.445072e+00
3.118131456428350e-01	5.444763e+00
3.118131813485735e-01	5.444245e+00
3.118132405713700e-01	5.443476e+00
3.118133170259989e-01	5.442595e+00
3.118134133755633e-01	5.441606e+00
3.118135373699096e-01	5.440466e+00
3.118137237679947e-01	5.439154e+00
3.118138989858958e-01	5.438815e+00
3.118140699740018e-01	5.438922e+00
3.118142210585530e-01	5.438910e+00
3.118143810864294e-01	5.438926e+00
3.118146644839828e-01	5.438946e+00
3.118151441995000e-01	5.438983e+00
3.118161036305342e-01	5.439057e+00
3.118163434882927e-01	5.439075e+00
3.118166050360515e-01	5.439095e+00
3.118167447927656e-01	5.439102e+00
3.118168292005057e-01	5.439105e+00
3.118168930553966e-01	5.439106e+00
3.118169636744462e-01	5.439105e+00
3.118170275883077e-01	5.439103e+00
3.118170830288865e-01	5.439100e+00
3.118171412376420e-01	5.439097e+00
3.118172056569126e-01	5.439094e+00
3.118172720006390e-01	5.439091e+00
3.118173477087783e-01	5.439087e+00
3.118174299610273e-01	5.439084e+00
3.118175293743650e-01	5.439080e+00
3.118176364141896e-01	5.439076e+00
3.118177421954293e-01	5.439073e+00
3.118178580632825e-01	5.439070e+00
3.118179823206837e-01	5.439065e+00
3.118181420219968e-01	5.439060e+00
3.118183233035992e-01	5.439054e+00
3.118187549153937e-01	5.439039e+00
3.118231403812882e-01	5.438889e+00
3.118240269155205e-01	5.438859e+00
3.118246051944871e-01	5.438838e+00
3.118249798993878e-01	5.438826e+00
3.118252406038537e-01	5.438817e+00
3.118255505801252e-01	5.438806e+00
3.118257637741731e-01	5.438799e+00
3.118259424112644e-01	5.438793e+00
3.118261626166342e-01	5.438785e+00
3.118266755018242e-01	5.438767e+00
3.127252625175315e-01	5.407986e+00
3.136238495332387e-01	5.377217e+00
3.145224365489460e-01	5.346463e+00
3.154210235646532e-01	5.315722e+00
3.163196105803605e-01	5.284994e+00
3.172181975960677e-01	5.254281e+00
3.181167846117749e-01	5.223581e+00
3.181267846117750e-01	5.223239e+00
3.191796417546331e-01	5.187287e+00
3.202324988974913e-01	5.151353e+00
3.212853560403495e-01	5.115438e+00
3.223382131832078e-01	5.079542e+00
3.233910703260660e-01	5.043664e+00
3.244439274689241e-01	5.007805e+00
3.254967846117823e-01	4.971965e+00
3.259053560403541e-01	4.958062e+00
3.263139274689260e-01	4.944162e+00
3.267224988974978e-01	4.930265e+00
3.271310703260697e-01	4.916371e+00
3.275396417546415e-01	4.902479e+00
3.279482131832134e-01	4.888590e+00
3.283567846117852e-01	4.874704e+00
3.283667846117852e-01	4.874364e+00
3.298282131832153e-01	4.824718e+00
3.312896417546453e-01	4.775108e+00
3.327510703260753e-01	4.725534e+00
3.342124988975053e-01	4.675996e+00
3.356739274689354e-01	4.626495e+00
3.371353560403654e-01	4.577029e+00
3.385967846117954e-01	4.527599e+00
3.386067846117954e-01	4.527261e+00
3.394132338307846e-01	4.500000e+00
3.394132338331688e-01	4.500000e+00
3.394132338332433e-01	4.500000e+00
3.394132338333923e-01	4.500000e+00
3.394132338334296e-01	4.500000e+00
3.394132338335041e-01	4.500000e+00
3.394132338335227e-01	4.500000e+00
3.394132338335600e-01	4.500000e+00
3.394132338335693e-01	4.500000e+00
3.394132338335880e-01	4.500000e+00
3.394132338336252e-01	4.500000e+00
3.394132338336345e-01	4.500000e+00
3.394132338336369e-01	4.500000e+00
3.394132338336415e-01	4.500000e+00
3.394132338336427e-01	4.500000e+00
3.394132338336450e-01	4.500000e+00
3.394132338336497e-01	4.500000e+00
3.394132338336590e-01	4.500000e+00
3.394132338336777e-01	4.500000e+00
3.394132338337149e-01	4.500000e+00
3.394132338337894e-01	4.500000e+00
3.394132338339384e-01	4.500000e+00
3.394132338342364e-01	4.500000e+00
3.394132338348325e-01	4.500000e+00
3.394132338360246e-01	4.500000e+00
3.394132338384088e-01	4.500000e+00
3.394132338431771e-01	4.500000e+00
3.394132339099343e-01	4.500000e+00
3.394132344439920e-01	4.500005e+00
3.394132455175132e-01	4.500096e+00
3.394132565910344e-01	4.500188e+00
3.394132676645556e-01	4.500281e+00
3.394132787380768e-01	4.500374e+00
3.394132898115980e-01	4.500469e+00
3.394133008851192e-01	4.500564e+00
3.394133119586404e-01	4.500659e+00
3.394133900836404e-01	4.501359e+00
3.394135289628798e-01	4.502737e+00
3.394136710805706e-01	4.504435e+00
3.394137290592131e-01	4.505285e+00
3.394137630934234e-01	4.505878e+00
3.394137816179444e-01	4.506611e+00
3.394137894953839e-01	4.507996e+00
3.394137936527652e-01	4.509876e+00
3.394137972837386e-01	4.512954e+00
3.394138011850438e-01	4.518674e+00
3.394138053729309e-01	4.528621e+00
3.394138106400572e-01	4.547584e+00
3.394138173006939e-01	4.581084e+00
3.394138245851359e-01	4.626825e+00
3.394138323587880e-01	4.682390e+00
3.394138427327836e-01	4.762964e+00
3.394138599316850e-01	4.904922e+00
3.394138811654389e-01	5.086878e+00
3.394139039938363e-01	5.285723e+00
3.394139274969162e-01	5.491844e+00
3.394139365978467e-01	5.518645e+00
3.394139460495321e-01	5.480523e+00
3.394139485321038e-01	5.470915e+00
3.394139520717049e-01	5.461855e+00
3.394139541483199e-01	5.457491e+00
3.394139567028864e-01	5.453659e+00
3.394139585831855e-01	5.451536e+00
3.394139613403991e-01	5.449407e+00
3.394139633687236e-01	5.448345e+00
3.394139659110580e-01	5.447453e+00
3.394139683955792e-01	5.446886e+00
3.394139707291287e-01	5.446535e+00
3.394139733383263e-01	5.446270e+00
3.394139759522115e-01	5.446090e+00
3.394139789856225e-01	5.445945e+00
3.394139821700915e-01	5.445834e+00
3.394139860197615e-01	5.445730e+00
3.394139903094936e-01	5.445635e+00
3.394139957472623e-01	5.445527e+00
3.394140022178359e-01	5.445408e+00
3.394140110018621e-01	5.445255e+00
3.394140219858975e-01	5.445072e+00
3.394140415474736e-01	5.444764e+00
3.394140772532286e-01	5.444245e+00
3.394141364760571e-01	5.443476e+00
3.394142129307287e-01	5.442596e+00
3.394143092803183e-01	5.441607e+00
3.394144332747341e-01	5.440466e+00
3.394146196729385e-01	5.439155e+00
3.394147948911585e-01	5.438816e+00
3.394149658795974e-01	5.438923e+00
3.394151169645817e-01	5.438910e+00
3.394152769927322e-01	5.438927e+00
3.394155603905427e-01	5.438947e+00
3.394160401056509e-01	5.438984e+00
3.394169995358675e-01	5.439057e+00
3.394172393934216e-01	5.439076e+00
3.394175009425976e-01	5.439095e+00
3.394176406998577e-01	5.439103e+00
3.394177251078399e-01	5.439106e+00
3.394177889627427e-01	5.439106e+00
3.394178595817301e-01	5.439106e+00
3.394179234957580e-01	5.439104e+00
3.394179789363881e-01	5.439101e+00
3.394180371451242e-01	5.439098e+00
3.394181015644018e-01	5.439095e+00
3.394181679080979e-01	5.439092e+00
3.394182436162330e-01	5.439088e+00
3.394183258684501e-01	5.439085e+00
3.394184252817530e-01	5.439081e+00
3.394185323217010e-01	5.439077e+00
3.394186381029782e-01	5.439074e+00
3.394187539708373e-01	5.439070e+00
3.394188782281941e-01	5.439066e+00
3.394190379294885e-01	5.439061e+00
3.394192192111461e-01	5.439054e+00
3.394196508228886e-01	5.439040e+00
3.394240362882404e-01	5.438890e+00
3.394249228250895e-01	5.438859e+00
3.394255011056460e-01	5.438839e+00
3.394258758117490e-01	5.438827e+00
3.394261365165326e-01	5.438818e+00
3.394264464934147e-01	5.438807e+00
3.394266596885484e-01	5.438799e+00
3.394268383258175e-01	5.438794e+00
3.394270585312821e-01	5.438786e+00
3.394275714165211e-01	5.438768e+00
3.405275870071680e-01	5.401088e+00
3.416276025978148e-01	5.363428e+00
3.427276181884616e-01	5.325789e+00
3.438276337791084e-01	5.288170e+00
3.449276493697552e-01	5.250572e+00
3.460276649604020e-01	5.212994e+00
3.471276805510488e-01	5.175437e+00
3.471376805510488e-01	5.175096e+00
3.480062519796211e-01	5.145456e+00
3.488748234081934e-01	5.115828e+00
3.497433948367657e-01	5.086214e+00
3.506119662653380e-01	5.056612e+00
3.514805376939103e-01	5.027023e+00
3.523491091224826e-01	4.997446e+00
3.532176805510549e-01	4.967883e+00
3.538105376939126e-01	4.947711e+00
3.544033948367704e-01	4.927545e+00
3.549962519796281e-01	4.907385e+00
3.555891091224859e-01	4.887231e+00
3.561819662653436e-01	4.867083e+00
3.567748234082013e-01	4.846941e+00
3.573676805510591e-01	4.826805e+00
3.573776805510591e-01	4.826465e+00
3.587543193460275e-01	4.779731e+00
3.601309581409960e-01	4.733030e+00
3.615075969359645e-01	4.686360e+00
3.628842357309330e-01	4.639722e+00
3.642608745259014e-01	4.593116e+00
3.656375133208700e-01	4.546542e+00
3.670141521158384e-01	4.500000e+00
3.670141521173286e-01	4.500000e+00
3.670141521174031e-01	4.500000e+00
3.670141521175893e-01	4.500000e+00
3.670141521176638e-01	4.500000e+00
3.670141521178128e-01	4.500000e+00
3.670141521178175e-01	4.500000e+00
3.670141521178268e-01	4.500000e+00
3.670141521178454e-01	4.500000e+00
3.670141521178464e-01	4.500000e+00
3.670141521178484e-01	4.500000e+00
3.670141521178525e-01	4.500000e+00
3.670141521178605e-01	4.500000e+00
3.670141521178766e-01	4.500000e+00
3.670141521179088e-01	4.500000e+00
3.670141521179733e-01	4.500000e+00
3.670141521181021e-01	4.500000e+00
3.670141521183599e-01	4.500000e+00
3.670141521188753e-01	4.500000e+00
3.670141521199062e-01	4.500000e+00
3.670141521219681e-01	4.500000e+00
3.670141521260917e-01	4.500000e+00
3.670141521508336e-01	4.500000e+00
3.670141523817579e-01	4.500002e+00
3.670141531734983e-01	4.500009e+00
3.670141626743832e-01	4.500087e+00
3.670141721752683e-01	4.500166e+00
3.670141816761532e-01	4.500246e+00
3.670141911770383e-01	4.500326e+00
3.670142006779232e-01	4.500406e+00
3.670142101788083e-01	4.500487e+00
3.670142196796932e-01	4.500568e+00
3.670142872415421e-01	4.501166e+00
3.670144223652397e-01	4.502474e+00
3.670145560676177e-01	4.503998e+00
3.670146172009401e-01	4.504826e+00
3.670146545834755e-01	4.505403e+00
3.670146762190854e-01	4.505776e+00
3.670146889038620e-01	4.506048e+00
3.670146964015050e-01	4.506324e+00
3.670147009153068e-01	4.506652e+00
3.670147046566901e-01	4.507160e+00
3.670147081329565e-01	4.508025e+00
3.670147115775534e-01	4.509571e+00
3.670147151574940e-01	4.512431e+00
3.670147187705425e-01	4.517344e+00
3.670147229114163e-01	4.526459e+00
3.670147278730682e-01	4.543172e+00
3.670147344084857e-01	4.574460e+00
3.670147416082093e-01	4.618359e+00
3.670147491813041e-01	4.671533e+00
3.670147589438980e-01	4.746435e+00
3.670147743108867e-01	4.872104e+00
3.670147973032014e-01	5.068253e+00
3.670148190023951e-01	5.257148e+00
3.670148436651178e-01	5.473373e+00
3.670148536060442e-01	5.501708e+00
3.670148630119384e-01	5.463964e+00
3.670148655619075e-01	5.454477e+00
3.670148690958233e-01	5.445740e+00
3.670148711597735e-01	5.441597e+00
3.670148737730273e-01	5.437891e+00
3.670148755955829e-01	5.435960e+00
3.670148783325168e-01	5.433974e+00
3.670148803552116e-01	5.432980e+00
3.670148828629217e-01	5.432152e+00
3.670148853637977e-01	5.431614e+00
3.670148876951002e-01	5.431283e+00
3.670148903390211e-01	5.431028e+00
3.670148929682965e-01	5.430858e+00
3.670148960600905e-01	5.430716e+00
3.670148992872059e-01	5.430609e+00
3.670149032355526e-01	5.430506e+00
3.670149076187639e-01	5.430410e+00
3.670149132417305e-01	5.430300e+00
3.670149199138212e-01	5.430179e+00
3.670149290987089e-01	5.430020e+00
3.670149404602873e-01	5.429832e+00
3.670149630489239e-01	5.429479e+00
3.670150032888137e-01	5.428906e+00
3.670150678471986e-01	5.428088e+00
3.670151491778864e-01	5.427175e+00
3.670152488642417e-01	5.426175e+00
3.670153821536870e-01	5.424978e+00
3.670155500630218e-01	5.423905e+00
3.670157542397482e-01	5.423620e+00
3.670159145941233e-01	5.423726e+00
3.670160938423786e-01	5.423716e+00
3.670162650201024e-01	5.423735e+00
3.670165601526892e-01	5.423755e+00
3.670171007127021e-01	5.423798e+00
3.670181818327279e-01	5.423880e+00
3.670185725841174e-01	5.423901e+00
3.670187184025757e-01	5.423902e+00
3.670187956054320e-01	5.423901e+00
3.670188852183763e-01	5.423897e+00
3.670189444802582e-01	5.423894e+00
3.670190056724261e-01	5.423891e+00
3.670190719653630e-01	5.423888e+00
3.670191484618345e-01	5.423884e+00
3.670192324775970e-01	5.423881e+00
3.670193325013709e-01	5.423877e+00
3.670194444815514e-01	5.423873e+00
3.670195542857576e-01	5.423870e+00
3.670196733156943e-01	5.423866e+00
3.670198012966690e-01	5.423862e+00
3.670199673142180e-01	5.423856e+00
3.670201467236155e-01	5.423850e+00
3.670205968321455e-01	5.423835e+00
3.670239349863518e-01	5.423720e+00
3.670254892908425e-01	5.423667e+00
3.670262855941525e-01	5.423640e+00
3.670267249257246e-01	5.423625e+00
3.670270006146326e-01	5.423615e+00
3.670272867566021e-01	5.423605e+00
3.670274505959586e-01	5.423600e+00
3.670276264944861e-01	5.423594e+00
3.670278418217688e-01	5.423586e+00
3.670283774498357e-01	5.423568e+00
3.683415927187443e-01	5.378597e+00
3.696548079876529e-01	5.333655e+00
3.709680232565616e-01	5.288743e+00
3.722812385254702e-01	5.243859e+00
3.735944537943789e-01	5.199005e+00
3.749076690632875e-01	5.154181e+00
3.762208843321961e-01	5.109385e+00
3.762308843321961e-01	5.109045e+00
3.769237414750540e-01	5.085422e+00
3.776165986179118e-01	5.061808e+00
3.783094557607696e-01	5.038202e+00
3.790023129036275e-01	5.014604e+00
3.796951700464853e-01	4.991014e+00
3.803880271893432e-01	4.967433e+00
3.810808843322010e-01	4.943859e+00
3.818494557607732e-01	4.917719e+00
3.826180271893454e-01	4.891589e+00
3.833865986179176e-01	4.865469e+00
3.841551700464898e-01	4.839359e+00
3.849237414750620e-01	4.813259e+00
3.856923129036342e-01	4.787169e+00
3.864608843322064e-01	4.761088e+00
3.864708843322064e-01	4.760749e+00
3.875694557607789e-01	4.723489e+00
3.886680271893515e-01	4.686248e+00
3.897665986179240e-01	4.649028e+00
3.908651700464965e-01	4.611829e+00
3.919637414750690e-01	4.574649e+00
3.930623129036416e-01	4.537490e+00
3.941608843322141e-01	4.500351e+00
3.941708843322141e-01	4.500013e+00
3.941709429259641e-01	4.500011e+00
3.941711821837766e-01	4.500003e+00
3.941712851305349e-01	4.500000e+00
3.941712851401089e-01	4.500000e+00
3.941712851401834e-01	4.500000e+00
3.941712851401857e-01	4.500000e+00
3.941712851401867e-01	4.500000e+00
3.941712851401887e-01	4.500000e+00
3.941712851401928e-01	4.500000e+00
3.941712851402008e-01	4.500000e+00
3.941712851402169e-01	4.500000e+00
3.941712851402491e-01	4.500000e+00
3.941712851403136e-01	4.500000e+00
3.941712851404424e-01	4.500000e+00
3.941712851407002e-01	4.500000e+00
3.941712851412156e-01	4.500000e+00
3.941712851422465e-01	4.500000e+00
3.941712851443084e-01	4.500000e+00
3.941712851484320e-01	4.500000e+00
3.941712851731739e-01	4.500000e+00
3.941712854040982e-01	4.500002e+00
3.941712950180890e-01	4.500081e+00
3.941713046320797e-01	4.500161e+00
3.941713142460705e-01	4.500241e+00
3.941713238600612e-01	4.500322e+00
3.941713334740520e-01	4.500404e+00
3.941713430880427e-01	4.500486e+00
3.941713527020335e-01	4.500568e+00
3.941714202638824e-01	4.501166e+00
3.941715553875800e-01	4.502474e+00
3.941716890899530e-01	4.503998e+00
3.941717502233135e-01	4.504826e+00
3.941717876058395e-01	4.505403e+00
3.941718092414674e-01	4.505776e+00
3.941718219262280e-01	4.506048e+00
3.941718294238872e-01	4.506324e+00
3.941718339376881e-01	4.506652e+00
3.941718376790697e-01	4.507160e+00
3.941718411553344e-01	4.508025e+00
3.941718445999315e-01	4.509571e+00
3.941718481798710e-01	4.512431e+00
3.941718517929226e-01	4.517344e+00
3.941718559338036e-01	4.526459e+00
3.941718608954699e-01	4.543172e+00
3.941718674308715e-01	4.574460e+00
3.941718746306119e-01	4.618360e+00
3.941718822037059e-01	4.671534e+00
3.941718919663345e-01	4.746436e+00
3.941719073333758e-01	4.872105e+00
3.941719303257679e-01	5.068254e+00
3.941719520249191e-01	5.257150e+00
3.941719766877097e-01	5.473375e+00
3.941719866286481e-01	5.501710e+00
3.941719960345506e-01	5.463966e+00
3.941719985845212e-01	5.454480e+00
3.941720021184362e-01	5.445742e+00
3.941720041823844e-01	5.441599e+00
3.941720067956377e-01	5.437894e+00
3.941720086181915e-01	5.435962e+00
3.941720113551230e-01	5.433976e+00
3.941720133778164e-01	5.432982e+00
3.941720158855260e-01	5.432154e+00
3.941720183864030e-01	5.431616e+00
3.941720207177049e-01	5.431284e+00
3.941720233616269e-01	5.431031e+00
3.941720259909021e-01	5.430860e+00
3.941720290826976e-01	5.430718e+00
3.941720323098132e-01	5.430611e+00
3.941720362581620e-01	5.430508e+00
3.941720406413743e-01	5.430412e+00
3.941720462643446e-01	5.430303e+00
3.941720529364379e-01	5.430181e+00
3.941720621213336e-01	5.430022e+00
3.941720734829164e-01	5.429834e+00
3.941720960716336e-01	5.429482e+00
3.941721363116390e-01	5.428908e+00
3.941722008701991e-01	5.428090e+00
3.941722822009256e-01	5.427177e+00
3.941723818875068e-01	5.426178e+00
3.941725151771846e-01	5.424980e+00
3.941726830854930e-01	5.423907e+00
3.941728872626064e-01	5.423623e+00
3.941730476170671e-01	5.423728e+00
3.941732268649205e-01	5.423718e+00
3.941733980427283e-01	5.423737e+00
3.941736931743861e-01	5.423758e+00
3.941742337331586e-01	5.423800e+00
3.941753148507036e-01	5.423882e+00
3.941757056025080e-01	5.423903e+00
3.941758514267742e-01	5.423904e+00
3.941759286265770e-01	5.423903e+00
3.941760182391608e-01	5.423899e+00
3.941760774983404e-01	5.423896e+00
3.941761386884047e-01	5.423893e+00
3.941762049811089e-01	5.423890e+00
3.941762814751286e-01	5.423887e+00
3.941763654899160e-01	5.423883e+00
3.941764655080945e-01	5.423879e+00
3.941765774985203e-01	5.423876e+00
3.941766873054059e-01	5.423872e+00
3.941768063358466e-01	5.423869e+00
3.941769343116783e-01	5.423864e+00
3.941771003260768e-01	5.423859e+00
3.941772797423483e-01	5.423852e+00
3.941777298417810e-01	5.423837e+00
3.941810677035582e-01	5.423722e+00
3.941826220491841e-01	5.423669e+00
3.941834183822033e-01	5.423642e+00
3.941838577974998e-01	5.423627e+00
3.941841335162201e-01	5.423617e+00
3.941844197003699e-01	5.423608e+00
3.941845836216575e-01	5.423602e+00
3.941847595368302e-01	5.423596e+00
3.941849748656771e-01	5.423589e+00
3.941855104803164e-01	5.423570e+00
3.952580171674354e-01	5.386840e+00
3.967194457388655e-01	5.336822e+00
3.981808743102955e-01	5.286840e+00
3.996423028817255e-01	5.236894e+00
4.011037314531555e-01	5.186985e+00
4.025651600245856e-01	5.137112e+00
4.040265885960156e-01	5.087275e+00
4.054880171674456e-01	5.037475e+00
4.054980171674457e-01	5.037134e+00
4.062565885960178e-01	5.011298e+00
4.070151600245900e-01	4.985473e+00
4.077737314531622e-01	4.959657e+00
4.085323028817344e-01	4.933851e+00
4.092908743103066e-01	4.908055e+00
4.100494457388788e-01	4.882268e+00
4.108080171674510e-01	4.856492e+00
4.115108743103088e-01	4.832617e+00
4.122137314531666e-01	4.808750e+00
4.129165885960245e-01	4.784892e+00
4.136194457388824e-01	4.761042e+00
4.143223028817402e-01	4.737201e+00
4.150251600245980e-01	4.713367e+00
4.157280171674559e-01	4.689543e+00
4.157380171674559e-01	4.689204e+00
4.165351600245996e-01	4.662193e+00
4.173323028817432e-01	4.635193e+00
4.181294457388869e-01	4.608204e+00
4.189265885960305e-01	4.581225e+00
4.197237314531742e-01	4.554257e+00
4.205208743103178e-01	4.527300e+00
4.213180171674615e-01	4.500354e+00
4.213280171674615e-01	4.500016e+00
4.213280757612115e-01	4.500014e+00
4.213284834227092e-01	4.500000e+00
4.213284834237522e-01	4.500000e+00
4.213284834239757e-01	4.500000e+00
4.213284834240130e-01	4.500000e+00
4.213284834240875e-01	4.500000e+00
4.213284834241061e-01	4.500000e+00
4.213284834241108e-01	4.500000e+00
4.213284834241201e-01	4.500000e+00
4.213284834241224e-01	4.500000e+00
4.213284834241234e-01	4.500000e+00
4.213284834241254e-01	4.500000e+00
4.213284834241295e-01	4.500000e+00
4.213284834241375e-01	4.500000e+00
4.213284834241536e-01	4.500000e+00
4.213284834241858e-01	4.500000e+00
4.213284834242503e-01	4.500000e+00
4.213284834243791e-01	4.500000e+00
4.213284834246369e-01	4.500000e+00
4.213284834251523e-01	4.500000e+00
4.213284834261832e-01	4.500000e+00
4.213284834282451e-01	4.500000e+00
4.213284834323687e-01	4.500000e+00
4.213284834571106e-01	4.500000e+00
4.213284836880349e-01	4.500002e+00
4.213284933020257e-01	4.500081e+00
4.213285029160164e-01	4.500161e+00
4.213285125300072e-01	4.500241e+00
4.213285221439979e-01	4.500322e+00
4.213285317579887e-01	4.500404e+00
4.213285413719794e-01	4.500486e+00
4.213285509859702e-01	4.500568e+00
4.213286185478191e-01	4.501166e+00
4.213287536715167e-01	4.502474e+00
4.213288873738922e-01	4.503998e+00
4.213289485072367e-01	4.504826e+00
4.213289858897668e-01	4.505403e+00
4.213290075253871e-01	4.505776e+00
4.213290202101544e-01	4.506048e+00
4.213290277078068e-01	4.506324e+00
4.213290322216081e-01	4.506652e+00
4.213290359629904e-01	4.507160e+00
4.213290394392558e-01	4.508025e+00
4.213290428838528e-01	4.509571e+00
4.213290464637928e-01	4.512431e+00
4.213290500768432e-01	4.517344e+00
4.213290542177210e-01	4.526459e+00
4.213290591793814e-01	4.543172e+00
4.213290657147898e-01	4.574460e+00
4.213290729145231e-01	4.618360e+00
4.213290804876175e-01	4.671534e+00
4.213290902502314e-01	4.746436e+00
4.213291056172506e-01	4.872104e+00
4.213291286096099e-01	5.068254e+00
4.213291503087792e-01	5.257149e+00
4.213291749715410e-01	5.473374e+00
4.213291849124743e-01	5.501709e+00
4.213291943183733e-01	5.463965e+00
4.213291968683433e-01	5.454479e+00
4.213292004022586e-01	5.445741e+00
4.213292024662076e-01	5.441598e+00
4.213292050794611e-01	5.437893e+00
4.213292069020157e-01	5.435961e+00
4.213292096389482e-01	5.433976e+00
4.213292116616422e-01	5.432981e+00
4.213292141693520e-01	5.432153e+00
4.213292166702286e-01	5.431615e+00
4.213292190015308e-01	5.431283e+00
4.213292216454523e-01	5.431030e+00
4.213292242747276e-01	5.430859e+00
4.213292273665224e-01	5.430717e+00
4.213292305936379e-01	5.430610e+00
4.213292345419858e-01	5.430507e+00
4.213292389251978e-01	5.430411e+00
4.213292445481664e-01	5.430302e+00
4.213292512202587e-01	5.430180e+00
4.213292604051510e-01	5.430021e+00
4.213292717667320e-01	5.429833e+00
4.213292943554151e-01	5.429481e+00
4.213293345953717e-01	5.428907e+00
4.213293991538577e-01	5.428089e+00
4.213294804845680e-01	5.427176e+00
4.213295801710538e-01	5.426177e+00
4.213297134606334e-01	5.424979e+00
4.213298813693754e-01	5.423906e+00
4.213300855463253e-01	5.423622e+00
4.213302459007498e-01	5.423727e+00
4.213304251487729e-01	5.423717e+00
4.213305963265453e-01	5.423736e+00
4.213308914585956e-01	5.423757e+00
4.213314320178925e-01	5.423799e+00
4.213325131364862e-01	5.423881e+00
4.213329038880759e-01	5.423902e+00
4.213330497099491e-01	5.423903e+00
4.213331269110407e-01	5.423902e+00
4.213332165237819e-01	5.423898e+00
4.213332757841027e-01	5.423895e+00
4.213333369750545e-01	5.423892e+00
4.213334032678547e-01	5.423889e+00
4.213334797629186e-01	5.423886e+00
4.213335637781150e-01	5.423882e+00
4.213336637986696e-01	5.423878e+00
4.213337757847384e-01	5.423875e+00
4.213338855904855e-01	5.423871e+00
4.213340046207082e-01	5.423868e+00
4.213341325987139e-01	5.423863e+00
4.213342986144427e-01	5.423858e+00
4.213344780277904e-01	5.423851e+00
4.213349281310598e-01	5.423836e+00
4.213382661161392e-01	5.423721e+00
4.213398204444516e-01	5.423668e+00
4.213406167663697e-01	5.423641e+00
4.213410561448487e-01	5.423626e+00
4.213413318508572e-01	5.423616e+00
4.213416180169292e-01	5.423607e+00
4.213417819033052e-01	5.423601e+00
4.213419578113508e-01	5.423595e+00
4.213421731395282e-01	5.423588e+00
4.213427087597150e-01	5.423569e+00
4.244352155116570e-01	5.317713e+00
4.258852155116584e-01	5.268136e+00
4.273352155116599e-01	5.218594e+00
4.287852155116613e-01	5.169088e+00
4.302352155116628e-01	5.119617e+00
4.316852155116642e-01	5.070183e+00
4.331352155116657e-01	5.020784e+00
4.345852155116671e-01	4.971421e+00
4.346752155116672e-01	4.968358e+00
4.361366440830973e-01	4.918644e+00
4.375980726545273e-01	4.868966e+00
4.390595012259573e-01	4.819324e+00
4.405209297973873e-01	4.769718e+00
4.419823583688174e-01	4.720148e+00
4.434437869402474e-01	4.670614e+00
4.449052155116774e-01	4.621116e+00
4.449152155116775e-01	4.620777e+00
4.484752155116810e-01	4.500353e+00
4.484852155116810e-01	4.500015e+00
4.484852741054310e-01	4.500013e+00
4.484855133632435e-01	4.500005e+00
4.484856541666999e-01	4.500000e+00
4.484856541690841e-01	4.500000e+00
4.484856541690935e-01	4.500000e+00
4.484856541691121e-01	4.500000e+00
4.484856541691494e-01	4.500000e+00
4.484856541691587e-01	4.500000e+00
4.484856541691610e-01	4.500000e+00
4.484856541691657e-01	4.500000e+00
4.484856541691750e-01	4.500000e+00
4.484856541691937e-01	4.500000e+00
4.484856541692309e-01	4.500000e+00
4.484856541693054e-01	4.500000e+00
4.484856541694544e-01	4.500000e+00
4.484856541697524e-01	4.500000e+00
4.484856541703485e-01	4.500000e+00
4.484856541715406e-01	4.500000e+00
4.484856541739248e-01	4.500000e+00
4.484856541786931e-01	4.500000e+00
4.484856542454503e-01	4.500000e+00
4.484856547795080e-01	4.500005e+00
4.484856658530292e-01	4.500096e+00
4.484856769265504e-01	4.500188e+00
4.484856880000716e-01	4.500281e+00
4.484856990735928e-01	4.500374e+00
4.484857101471140e-01	4.500469e+00
4.484857212206352e-01	4.500564e+00
4.484857322941564e-01	4.500659e+00
4.484858104191564e-01	4.501359e+00
4.484859492983935e-01	4.502737e+00
4.484860914160854e-01	4.504435e+00
4.484861493947182e-01	4.505285e+00
4.484861834289338e-01	4.505878e+00
4.484862019534536e-01	4.506611e+00
4.484862098308986e-01	4.507996e+00
4.484862139882805e-01	4.509876e+00
4.484862176192541e-01	4.512954e+00
4.484862215205594e-01	4.518674e+00
4.484862257084467e-01	4.528621e+00
4.484862309755723e-01	4.547584e+00
4.484862376362085e-01	4.581084e+00
4.484862449206505e-01	4.626825e+00
4.484862526943022e-01	4.682390e+00
4.484862630682974e-01	4.762964e+00
4.484862802671958e-01	4.904922e+00
4.484863015009496e-01	5.086878e+00
4.484863243293466e-01	5.285723e+00
4.484863478324259e-01	5.491844e+00
4.484863569333562e-01	5.518645e+00
4.484863663850415e-01	5.480523e+00
4.484863688676131e-01	5.470915e+00
4.484863724072142e-01	5.461855e+00
4.484863744838293e-01	5.457491e+00
4.484863770383958e-01	5.453659e+00
4.484863789186950e-01	5.451536e+00
4.484863816759087e-01	5.449407e+00
4.484863837042332e-01	5.448345e+00
4.484863862465676e-01	5.447453e+00
4.484863887310887e-01	5.446886e+00
4.484863910646382e-01	5.446535e+00
4.484863936738359e-01	5.446270e+00
4.484863962877210e-01	5.446090e+00
4.484863993211320e-01	5.445944e+00
4.484864025056011e-01	5.445834e+00
4.484864063552710e-01	5.445730e+00
4.484864106450031e-01	5.445635e+00
4.484864160827718e-01	5.445527e+00
4.484864225533454e-01	5.445408e+00
4.484864313373714e-01	5.445255e+00
4.484864423214068e-01	5.445072e+00
4.484864618829820e-01	5.444764e+00
4.484864975887357e-01	5.444245e+00
4.484865568115615e-01	5.443476e+00
4.484866332662295e-01	5.442596e+00
4.484867296158172e-01	5.441607e+00
4.484868536102273e-01	5.440466e+00
4.484870400084222e-01	5.439155e+00
4.484872152266156e-01	5.438816e+00
4.484873862150267e-01	5.438923e+00
4.484875372999745e-01	5.438910e+00
4.484876973281022e-01	5.438927e+00
4.484879807258909e-01	5.438947e+00
4.484884604410330e-01	5.438984e+00
4.484894198713172e-01	5.439057e+00
4.484896597288883e-01	5.439076e+00
4.484899212779637e-01	5.439095e+00
4.484900610351851e-01	5.439103e+00
4.484901454431500e-01	5.439106e+00
4.484902092980521e-01	5.439106e+00
4.484902799170439e-01	5.439106e+00
4.484903438310598e-01	5.439103e+00
4.484903992716865e-01	5.439101e+00
4.484904574804236e-01	5.439098e+00
4.484905218997005e-01	5.439095e+00
4.484905882433990e-01	5.439092e+00
4.484906639515345e-01	5.439088e+00
4.484907462037539e-01	5.439085e+00
4.484908456170592e-01	5.439081e+00
4.484909526569985e-01	5.439077e+00
4.484910584382725e-01	5.439074e+00
4.484911743061309e-01	5.439070e+00
4.484912985634916e-01	5.439066e+00
4.484914582647870e-01	5.439061e+00
4.484916395464416e-01	5.439054e+00
4.484920711581880e-01	5.439040e+00
4.484964566235723e-01	5.438890e+00
4.484973431596573e-01	5.438859e+00
4.484979214397574e-01	5.438839e+00
4.484982961455120e-01	5.438827e+00
4.484985568501819e-01	5.438818e+00
4.484988668268294e-01	5.438807e+00
4.484990800216787e-01	5.438799e+00
4.484992586588949e-01	5.438793e+00
4.484994788643070e-01	5.438786e+00
4.484999917494731e-01	5.438768e+00
4.492300073381525e-01	5.413760e+00
4.499600229268319e-01	5.388760e+00
4.506900385155113e-01	5.363770e+00
4.514200541041907e-01	5.338788e+00
4.521500696928701e-01	5.313816e+00
4.528800852815495e-01	5.288853e+00
4.536101008702289e-01	5.263899e+00
4.536201008702289e-01	5.263557e+00
4.548486722988015e-01	5.221581e+00
4.560772437273742e-01	5.179631e+00
4.573058151559469e-01	5.137707e+00
4.585343865845196e-01	5.095808e+00
4.597629580130922e-01	5.053934e+00
4.609915294416649e-01	5.012087e+00
4.622201008702375e-01	4.970264e+00
4.624529580130949e-01	4.962341e+00
4.626858151559523e-01	4.954418e+00
4.629186722988096e-01	4.946496e+00
4.631515294416670e-01	4.938574e+00
4.633843865845244e-01	4.930654e+00
4.636172437273818e-01	4.922735e+00
4.638501008702391e-01	4.914817e+00
4.638601008702392e-01	4.914477e+00
4.653215294416692e-01	4.864802e+00
4.667829580130992e-01	4.815163e+00
4.682443865845293e-01	4.765560e+00
4.697058151559593e-01	4.715993e+00
4.711672437273893e-01	4.666462e+00
4.726286722988193e-01	4.616967e+00
4.740901008702494e-01	4.567508e+00
4.741001008702494e-01	4.567170e+00
4.760865708142217e-01	4.500000e+00
4.760865708145198e-01	4.500000e+00
4.760865708151158e-01	4.500000e+00
4.760865708151344e-01	4.500000e+00
4.760865708151391e-01	4.500000e+00
4.760865708151484e-01	4.500000e+00
4.760865708151508e-01	4.500000e+00
4.760865708151518e-01	4.500000e+00
4.760865708151538e-01	4.500000e+00
4.760865708151578e-01	4.500000e+00
4.760865708151659e-01	4.500000e+00
4.760865708151820e-01	4.500000e+00
4.760865708152142e-01	4.500000e+00
4.760865708152786e-01	4.500000e+00
4.760865708154075e-01	4.500000e+00
4.760865708156652e-01	4.500000e+00
4.760865708161807e-01	4.500000e+00
4.760865708172116e-01	4.500000e+00
4.760865708192734e-01	4.500000e+00
4.760865708233971e-01	4.500000e+00
4.760865708481389e-01	4.500000e+00
4.760865710790632e-01	4.500002e+00
4.760865806930540e-01	4.500081e+00
4.760865903070448e-01	4.500161e+00
4.760865999210355e-01	4.500241e+00
4.760866095350262e-01	4.500322e+00
4.760866191490170e-01	4.500404e+00
4.760866287630078e-01	4.500486e+00
4.760866383769985e-01	4.500568e+00
4.760867059388474e-01	4.501166e+00
4.760868410625451e-01	4.502474e+00
4.760869747649186e-01	4.503998e+00
4.760870358982504e-01	4.504826e+00
4.760870732807833e-01	4.505403e+00
4.760870949163975e-01	4.505776e+00
4.760871076011701e-01	4.506048e+00
4.760871150988171e-01	4.506324e+00
4.760871196126190e-01	4.506652e+00
4.760871233540021e-01	4.507160e+00
4.760871268302681e-01	4.508025e+00
4.760871302748650e-01	4.509571e+00
4.760871338548055e-01	4.512431e+00
4.760871374678546e-01	4.517344e+00
4.760871416087297e-01	4.526459e+00
4.760871465703835e-01	4.543172e+00
4.760871531057975e-01	4.574460e+00
4.760871603055243e-01	4.618359e+00
4.760871678786187e-01	4.671533e+00
4.760871776412184e-01	4.746436e+00
4.760871930082146e-01	4.872104e+00
4.760872160005427e-01	5.068253e+00
4.760872376997291e-01	5.257148e+00
4.760872623624632e-01	5.473373e+00
4.760872723033914e-01	5.501709e+00
4.760872817092870e-01	5.463964e+00
4.760872842592564e-01	5.454478e+00
4.760872877931720e-01	5.445740e+00
4.760872898571218e-01	5.441598e+00
4.760872924703756e-01	5.437892e+00
4.760872942929309e-01	5.435960e+00
4.760872970298644e-01	5.433975e+00
4.760872990525589e-01	5.432981e+00
4.760873015602689e-01	5.432152e+00
4.760873040611451e-01	5.431614e+00
4.760873063924475e-01	5.431283e+00
4.760873090363686e-01	5.431029e+00
4.760873116656439e-01	5.430858e+00
4.760873147574382e-01	5.430717e+00
4.760873179845536e-01	5.430609e+00
4.760873219329006e-01	5.430506e+00
4.760873263161121e-01	5.430410e+00
4.760873319390792e-01	5.430301e+00
4.760873386111703e-01	5.430179e+00
4.760873477960593e-01	5.430020e+00
4.760873591576384e-01	5.429832e+00
4.760873817462881e-01	5.429480e+00
4.760874219861967e-01	5.428906e+00
4.760874865446102e-01	5.428088e+00
4.760875678753040e-01	5.427175e+00
4.760876675616962e-01	5.426176e+00
4.760878008511787e-01	5.424978e+00
4.760879687603464e-01	5.423905e+00
4.760881729371360e-01	5.423621e+00
4.760883332915252e-01	5.423726e+00
4.760885125397148e-01	5.423717e+00
4.760886837174521e-01	5.423735e+00
4.760889788498870e-01	5.423756e+00
4.760895194096955e-01	5.423798e+00
4.760906005293126e-01	5.423880e+00
4.760909912807558e-01	5.423901e+00
4.760911371001728e-01	5.423903e+00
4.760912143025345e-01	5.423901e+00
4.760913039154220e-01	5.423897e+00
4.760913631768664e-01	5.423894e+00
4.760914243686936e-01	5.423892e+00
4.760914906615922e-01	5.423888e+00
4.760915671576691e-01	5.423885e+00
4.760916511732731e-01	5.423881e+00
4.760917511961448e-01	5.423877e+00
4.760918631779744e-01	5.423874e+00
4.760919729826126e-01	5.423871e+00
4.760920920126293e-01	5.423867e+00
4.760922199927720e-01	5.423862e+00
4.760923860098108e-01	5.423857e+00
4.760925654203146e-01	5.423851e+00
4.760930155273685e-01	5.423835e+00
4.760963536341478e-01	5.423720e+00
4.760979079453189e-01	5.423667e+00
4.760987042603220e-01	5.423640e+00
4.760991435992110e-01	5.423625e+00
4.760994192926072e-01	5.423615e+00
4.760997054405779e-01	5.423606e+00
4.760998692922728e-01	5.423600e+00
4.761000451931482e-01	5.423594e+00
4.761002605207007e-01	5.423587e+00
4.761007961460433e-01	5.423568e+00
4.770354399707217e-01	5.391558e+00
4.779700837954000e-01	5.359564e+00
4.789047276200784e-01	5.327583e+00
4.798393714447566e-01	5.295618e+00
4.807740152694350e-01	5.263667e+00
4.817086590941133e-01	5.231732e+00
4.826433029187917e-01	5.199811e+00
4.826533029187917e-01	5.199469e+00
4.836304457759355e-01	5.166113e+00
4.846075886330793e-01	5.132773e+00
4.855847314902232e-01	5.099449e+00
4.865618743473670e-01	5.066141e+00
4.875390172045108e-01	5.032850e+00
4.885161600616547e-01	4.999574e+00
4.894933029187985e-01	4.966315e+00
4.899775886330847e-01	4.949837e+00
4.904618743473709e-01	4.933364e+00
4.909461600616571e-01	4.916894e+00
4.914304457759433e-01	4.900428e+00
4.919147314902295e-01	4.883966e+00
4.923990172045157e-01	4.867508e+00
4.928833029188019e-01	4.851054e+00
4.928933029188019e-01	4.850715e+00
4.939061600616600e-01	4.816315e+00
4.949190172045182e-01	4.781933e+00
4.959318743473763e-01	4.747568e+00
4.969447314902345e-01	4.713220e+00
4.979575886330927e-01	4.678890e+00
4.989704457759508e-01	4.644577e+00
4.999833029188090e-01	4.610281e+00
4.999933029188090e-01	4.609943e+00
5.000033029188090e-01	4.609604e+00
