time	I(L1)
0.000000000000000e+000	0.000000e+000
3.652000250545887e-011	-5.526662e-010
7.304000501091773e-011	-2.207816e-009
1.095600075163766e-010	-4.965451e-009
1.460800100218355e-010	-8.825569e-009
1.826000125272944e-010	-1.378817e-008
2.191200150327532e-010	-1.985326e-008
2.556400175382120e-010	-2.702083e-008
5.084799648264854e-010	-8.657281e-008
6.075989806477101e-010	-1.245663e-007
7.208778558719669e-010	-1.747275e-007
7.734422495514865e-010	-2.008737e-007
8.785710369105257e-010	-2.600415e-007
1.000000000000000e-009	-3.340321e-007
9.104803824470184e-007	-6.022680e-004
1.819960764894037e-006	-1.193952e-003
2.729441147341055e-006	-1.775386e-003
3.638921529788074e-006	-2.346569e-003
4.548401912235091e-006	-2.907503e-003
5.457882294682110e-006	-3.458186e-003
6.367362677129126e-006	-3.998620e-003
9.622571010462457e-006	-5.839188e-003
1.287777934379579e-005	-7.493283e-003
1.613298767712912e-005	-8.932650e-003
1.938819601046245e-005	-1.013523e-002
2.264340434379578e-005	-1.108466e-002
2.589861267712911e-005	-1.177041e-002
2.915382101046244e-005	-1.218778e-002
3.240902934379577e-005	-1.233782e-002
3.566423767712909e-005	-1.222703e-002
3.891944601046242e-005	-1.186713e-002
4.217465434379575e-005	-1.127453e-002
4.542986267712907e-005	-1.046989e-002
4.868507101046240e-005	-9.477509e-003
5.194027934379573e-005	-8.324694e-003
5.519548767712906e-005	-7.041090e-003
5.845069601046238e-005	-5.657985e-003
6.170590434379571e-005	-4.207596e-003
6.496111267712904e-005	-2.722372e-003
6.821632101046237e-005	-1.234314e-003
7.147152934379569e-005	2.256700e-004
7.472673767712902e-005	1.628369e-003
7.798194601046235e-005	2.946810e-003
8.123715434379567e-005	4.156735e-003
8.449236267712900e-005	5.237009e-003
8.774757101046233e-005	6.169941e-003
9.100277934379566e-005	6.941527e-003
9.425798767712898e-005	7.541609e-003
9.751319601046231e-005	7.963946e-003
1.007684043437956e-004	8.206200e-003
1.040236126771290e-004	8.269845e-003
1.072788210104623e-004	8.160001e-003
1.105340293437956e-004	7.885193e-003
1.137892376771290e-004	7.457055e-003
1.170444460104623e-004	6.889976e-003
1.202996543437956e-004	6.200702e-003
1.235548626771289e-004	5.407905e-003
1.268100710104623e-004	4.531728e-003
1.300652793437956e-004	3.593313e-003
1.333204876771289e-004	2.614331e-003
1.365756960104622e-004	1.616507e-003
1.398309043437956e-004	6.211790e-004
1.430861126771289e-004	-3.511397e-004
1.463413210104622e-004	-1.281150e-003
1.495965293437955e-004	-2.151124e-003
1.528517376771289e-004	-2.945216e-003
1.561069460104622e-004	-3.649722e-003
1.593621543437955e-004	-4.253285e-003
1.626173626771289e-004	-4.747050e-003
1.658725710104622e-004	-5.124751e-003
1.691277793437955e-004	-5.382753e-003
1.723829876771288e-004	-5.520027e-003
1.756381960104622e-004	-5.538084e-003
1.788934043437955e-004	-5.440844e-003
1.821486126771288e-004	-5.234476e-003
1.854038210104621e-004	-4.927185e-003
1.886590293437955e-004	-4.528970e-003
1.919142376771288e-004	-4.051349e-003
1.951694460104621e-004	-3.507073e-003
1.984246543437955e-004	-2.909810e-003
2.016798626771288e-004	-2.273834e-003
2.049350710104621e-004	-1.613706e-003
2.081902793437954e-004	-9.439607e-004
2.114454876771288e-004	-2.788102e-004
2.147006960104621e-004	3.681421e-004
2.179559043437954e-004	9.841591e-004
2.212111126771287e-004	1.557603e-003
2.244663210104621e-004	2.078138e-003
2.277215293437954e-004	2.536894e-003
2.309767376771287e-004	2.926602e-003
2.342319460104621e-004	3.241681e-003
2.374871543437954e-004	3.478299e-003
2.407423626771287e-004	3.634384e-003
2.439975710104620e-004	3.709609e-003
2.472527793437954e-004	3.705330e-003
2.505079876771287e-004	3.624500e-003
2.537631960104621e-004	3.471551e-003
2.570184043437955e-004	3.252248e-003
2.602736126771288e-004	2.973523e-003
2.635288210104622e-004	2.643287e-003
2.667840293437955e-004	2.270233e-003
2.700392376771289e-004	1.863625e-003
2.732944460104622e-004	1.433092e-003
2.765496543437956e-004	9.884061e-004
2.798048626771289e-004	5.392846e-004
2.830600710104623e-004	9.518424e-005
2.863152793437956e-004	-3.348825e-004
2.895704876771290e-004	-7.425185e-004
2.928256960104624e-004	-1.120093e-003
2.960809043437957e-004	-1.460874e-003
2.993361126771291e-004	-1.759133e-003
3.025913210104624e-004	-2.010226e-003
3.058465293437958e-004	-2.210658e-003
3.091017376771291e-004	-2.358102e-003
3.123569460104625e-004	-2.451418e-003
3.156121543437958e-004	-2.490623e-003
3.188673626771292e-004	-2.476857e-003
3.221225710104625e-004	-2.412313e-003
3.253777793437959e-004	-2.300157e-003
3.286329876771292e-004	-2.144427e-003
3.318881960104626e-004	-1.949916e-003
3.351434043437960e-004	-1.722050e-003
3.383986126771293e-004	-1.466746e-003
3.416538210104627e-004	-1.190280e-003
3.449090293437960e-004	-8.991360e-004
3.481642376771294e-004	-5.998710e-004
3.514194460104627e-004	-2.989725e-004
3.546746543437961e-004	-2.728451e-006
3.579298626771294e-004	2.828963e-004
3.611850710104628e-004	5.523718e-004
3.644402793437961e-004	8.007013e-004
3.676954876771295e-004	1.023506e-003
3.709506960104629e-004	1.217094e-003
3.742059043437962e-004	1.378511e-003
3.774611126771296e-004	1.505573e-003
3.807163210104629e-004	1.596889e-003
3.839715293437963e-004	1.651857e-003
3.872267376771296e-004	1.670649e-003
3.904819460104630e-004	1.654179e-003
3.937371543437963e-004	1.604059e-003
3.969923626771297e-004	1.522539e-003
4.002475710104630e-004	1.412439e-003
4.035027793437964e-004	1.277067e-003
4.067579876771298e-004	1.120136e-003
4.100131960104631e-004	9.456728e-004
4.132684043437965e-004	7.579200e-004
4.165236126771298e-004	5.612434e-004
4.197788210104632e-004	3.600360e-004
4.230340293437965e-004	1.586264e-004
4.262892376771299e-004	-3.880887e-005
4.295444460104632e-004	-2.283257e-004
4.327996543437966e-004	-4.062864e-004
4.360548626771299e-004	-5.694232e-004
4.393100710104633e-004	-7.148933e-004
4.425652793437967e-004	-8.403219e-004
4.458204876771300e-004	-9.438348e-004
4.490756960104634e-004	-1.024079e-003
4.523309043437967e-004	-1.080231e-003
4.555861126771301e-004	-1.111998e-003
4.588413210104634e-004	-1.119601e-003
4.620965293437968e-004	-1.103752e-003
4.653517376771301e-004	-1.065626e-003
4.686069460104635e-004	-1.006813e-003
4.718621543437968e-004	-9.292781e-004
4.751173626771302e-004	-8.352999e-004
4.783725710104635e-004	-7.274167e-004
4.816277793437969e-004	-6.083627e-004
4.848829876771303e-004	-4.810054e-004
4.881381960104636e-004	-3.482802e-004
4.913934043437970e-004	-2.131282e-004
4.946486126771303e-004	-7.843460e-005
4.979038210104636e-004	5.302868e-005
5.011590293437969e-004	1.786567e-004
5.044142376771302e-004	2.960590e-004
5.076694460104635e-004	4.031017e-004
5.109246543437968e-004	4.979422e-004
5.141798626771301e-004	5.790569e-004
5.174350710104634e-004	6.452613e-004
5.206902793437967e-004	6.957222e-004
5.239454876771300e-004	7.299624e-004
5.272006960104633e-004	7.478575e-004
5.304559043437966e-004	7.496262e-004
5.337111126771299e-004	7.358129e-004
5.369663210104632e-004	7.072652e-004
5.402215293437965e-004	6.651051e-004
5.434767376771298e-004	6.106957e-004
5.467319460104631e-004	5.456050e-004
5.499871543437964e-004	4.715653e-004
5.532423626771297e-004	3.904317e-004
5.564975710104630e-004	3.041396e-004
5.597527793437963e-004	2.146611e-004
5.630079876771296e-004	1.239634e-004
5.662631960104629e-004	3.396794e-005
5.695184043437962e-004	-5.348750e-005
5.727736126771295e-004	-1.366840e-004
5.760288210104628e-004	-2.140529e-004
5.792840293437961e-004	-2.842025e-004
5.825392376771294e-004	-3.459407e-004
5.857944460104627e-004	-3.982927e-004
5.890496543437960e-004	-4.405130e-004
5.923048626771293e-004	-4.720925e-004
5.955600710104626e-004	-4.927612e-004
5.988152793437959e-004	-5.024843e-004
6.020704876771292e-004	-5.014549e-004
6.053256960104625e-004	-4.900819e-004
6.085809043437958e-004	-4.689735e-004
6.118361126771291e-004	-4.389174e-004
6.150913210104624e-004	-4.008583e-004
6.183465293437957e-004	-3.558725e-004
6.216017376771290e-004	-3.051409e-004
6.248569460104623e-004	-2.499207e-004
6.281121543437956e-004	-1.915168e-004
6.313673626771289e-004	-1.312529e-004
6.346225710104622e-004	-7.044374e-005
6.378777793437955e-004	-1.036765e-005
6.411329876771288e-004	4.775810e-005
6.443881960104621e-004	1.028005e-004
6.476434043437954e-004	1.537313e-004
6.508986126771287e-004	1.996442e-004
6.541538210104620e-004	2.397697e-004
6.574090293437953e-004	2.734857e-004
6.606642376771286e-004	3.003251e-004
6.639194460104619e-004	3.199803e-004
6.671746543437952e-004	3.323031e-004
6.704298626771285e-004	3.373029e-004
6.736850710104618e-004	3.351398e-004
6.769402793437951e-004	3.261169e-004
6.801954876771284e-004	3.106681e-004
6.834506960104617e-004	2.893448e-004
6.867059043437950e-004	2.628002e-004
6.899611126771283e-004	2.317719e-004
6.932163210104616e-004	1.970638e-004
6.964715293437949e-004	1.595270e-004
6.997267376771282e-004	1.200405e-004
7.029819460104615e-004	7.949201e-005
7.062371543437948e-004	3.875918e-005
7.094923626771281e-004	-1.308122e-006
7.127475710104614e-004	-3.990444e-005
7.160027793437947e-004	-7.628380e-005
7.192579876771280e-004	-1.097730e-004
7.225131960104613e-004	-1.397829e-004
7.257684043437946e-004	-1.658176e-004
7.290236126771279e-004	-1.874815e-004
7.322788210104612e-004	-2.044836e-004
7.355340293437945e-004	-2.166400e-004
7.387892376771278e-004	-2.238735e-004
7.420444460104611e-004	-2.262120e-004
7.452996543437944e-004	-2.237833e-004
7.485548626771277e-004	-2.168095e-004
7.518100710104610e-004	-2.055988e-004
7.550652793437943e-004	-1.905360e-004
7.583204876771276e-004	-1.720716e-004
7.615756960104609e-004	-1.507106e-004
7.648309043437942e-004	-1.269995e-004
7.680861126771275e-004	-1.015138e-004
7.713413210104608e-004	-7.484504e-005
7.745965293437941e-004	-4.758799e-005
7.778517376771274e-004	-2.032806e-005
7.811069460104607e-004	6.370307e-006
7.843621543437940e-004	3.197468e-005
7.876173626771273e-004	5.599442e-005
7.908725710104606e-004	7.798942e-005
7.941277793437939e-004	9.757730e-005
7.973829876771272e-004	1.144393e-004
8.006381960104605e-004	1.283247e-004
8.038934043437938e-004	1.390531e-004
8.071486126771271e-004	1.465164e-004
8.104038210104604e-004	1.506777e-004
8.136590293437937e-004	1.515698e-004
8.169142376771270e-004	1.492920e-004
8.201694460104603e-004	1.440058e-004
8.234246543437936e-004	1.359291e-004
8.266798626771269e-004	1.253294e-004
8.303672329790787e-004	1.111134e-004
8.307911044582579e-004	1.092518e-004
8.312149759374370e-004	1.073619e-004
8.316388474166163e-004	1.054438e-004
8.320627188957954e-004	1.034976e-004
8.324865903749746e-004	1.015231e-004
8.329104618541537e-004	9.952049e-005
8.333343333333330e-004	9.748968e-005
8.333353333333330e-004	9.782219e-005
8.345493402381473e-004	8.937270e-004
8.357633471429615e-004	1.670919e-003
8.369773540477758e-004	2.429398e-003
8.381913609525902e-004	3.169165e-003
8.394053678574045e-004	3.890219e-003
8.406193747622187e-004	4.592560e-003
8.418333816670330e-004	5.276188e-003
8.450885900003663e-004	6.979984e-003
8.483437983336996e-004	8.477886e-003
8.515990066670329e-004	9.746306e-003
8.548542150003662e-004	1.076725e-002
8.581094233336995e-004	1.152852e-002
8.613646316670328e-004	1.202369e-002
8.646198400003661e-004	1.225211e-002
8.678750483336994e-004	1.221867e-002
8.711302566670327e-004	1.193349e-002
8.743854650003660e-004	1.141156e-002
8.776406733336993e-004	1.067219e-002
8.808958816670326e-004	9.738547e-003
8.841510900003659e-004	8.636947e-003
8.874062983336992e-004	7.396250e-003
8.906615066670325e-004	6.047153e-003
8.939167150003658e-004	4.621490e-003
8.971719233336991e-004	3.151533e-003
9.004271316670324e-004	1.669308e-003
9.036823400003657e-004	2.059416e-004
9.069375483336990e-004	-1.208953e-003
9.101927566670323e-004	-2.547832e-003
9.134479650003656e-004	-3.785718e-003
9.167031733336989e-004	-4.900626e-003
9.199583816670322e-004	-5.873907e-003
9.232135900003655e-004	-6.690517e-003
9.264687983336988e-004	-7.339196e-003
9.297240066670321e-004	-7.812570e-003
9.329792150003654e-004	-8.107154e-003
9.362344233336987e-004	-8.223293e-003
9.394896316670320e-004	-8.165017e-003
9.427448400003653e-004	-7.939814e-003
9.460000483336986e-004	-7.558363e-003
9.492552566670319e-004	-7.034190e-003
9.525104650003652e-004	-6.383292e-003
9.557656733336985e-004	-5.623708e-003
9.590208816670318e-004	-4.775079e-003
9.622760900003651e-004	-3.858182e-003
9.655312983336984e-004	-2.894458e-003
9.687865066670317e-004	-1.905545e-003
9.720417150003650e-004	-9.128231e-004
9.752969233336983e-004	6.302100e-005
9.785521316670316e-004	1.002394e-003
9.818073400003650e-004	1.887164e-003
9.850625483336984e-004	2.700983e-003
9.883177566670318e-004	3.429561e-003
9.915729650003652e-004	4.060887e-003
9.948281733336986e-004	4.585396e-003
9.980833816670321e-004	4.996080e-003
1.001338590000366e-003	5.288540e-003
1.004593798333699e-003	5.460981e-003
1.007849006667032e-003	5.514159e-003
1.011104215000366e-003	5.451270e-003
1.014359423333699e-003	5.277800e-003
1.017614631667033e-003	5.001325e-003
1.020869840000366e-003	4.631279e-003
1.024125048333699e-003	4.178695e-003
1.027380256667033e-003	3.655917e-003
1.030635465000366e-003	3.076297e-003
1.033890673333700e-003	2.453881e-003
1.037145881667033e-003	1.803097e-003
1.040401090000366e-003	1.138439e-003
1.043656298333700e-003	4.741656e-004
1.046911506667033e-003	-1.759848e-004
1.050166715000367e-003	-7.990625e-004
1.053421923333700e-003	-1.383145e-003
1.056677131667033e-003	-1.917546e-003
1.059932340000367e-003	-2.392993e-003
1.063187548333700e-003	-2.801769e-003
1.066442756667034e-003	-3.137813e-003
1.069697965000367e-003	-3.396791e-003
1.072953173333700e-003	-3.576118e-003
1.076208381667034e-003	-3.674953e-003
1.079463590000367e-003	-3.694151e-003
1.082718798333701e-003	-3.636183e-003
1.085974006667034e-003	-3.505030e-003
1.089229215000368e-003	-3.306046e-003
1.092484423333701e-003	-3.045793e-003
1.095739631667034e-003	-2.731867e-003
1.098994840000368e-003	-2.372701e-003
1.102250048333701e-003	-1.977361e-003
1.105505256667035e-003	-1.555334e-003
1.108760465000368e-003	-1.116318e-003
1.112015673333701e-003	-6.700134e-004
1.115270881667035e-003	-2.259225e-004
1.118526090000368e-003	2.068416e-004
1.121781298333702e-003	6.197283e-004
1.125036506667035e-003	1.004907e-003
1.128291715000368e-003	1.355401e-003
1.131546923333702e-003	1.665207e-003
1.134802131667035e-003	1.929377e-003
1.138057340000369e-003	2.144086e-003
1.141312548333702e-003	2.306672e-003
1.144567756667035e-003	2.415648e-003
1.147822965000369e-003	2.470691e-003
1.151078173333702e-003	2.472603e-003
1.154333381667036e-003	2.423260e-003
1.157588590000369e-003	2.325532e-003
1.160843798333703e-003	2.183184e-003
1.164099006667036e-003	2.000771e-003
1.167354215000369e-003	1.783513e-003
1.170609423333703e-003	1.537163e-003
1.173864631667036e-003	1.267871e-003
1.177119840000370e-003	9.820359e-004
1.180375048333703e-003	6.861724e-004
1.183630256667036e-003	3.867663e-004
1.186885465000370e-003	9.014347e-005
1.190140673333703e-003	-1.976561e-004
1.193395881667037e-003	-4.709925e-004
1.196651090000370e-003	-7.247286e-004
1.199906298333703e-003	-9.543180e-004
1.203161506667037e-003	-1.155878e-003
1.206416715000370e-003	-1.326246e-003
1.209671923333704e-003	-1.463020e-003
1.212927131667037e-003	-1.564579e-003
1.216182340000370e-003	-1.630089e-003
1.219437548333704e-003	-1.659494e-003
1.222692756667037e-003	-1.653485e-003
1.225947965000371e-003	-1.613464e-003
1.229203173333704e-003	-1.541484e-003
1.232458381667038e-003	-1.440188e-003
1.235713590000371e-003	-1.312728e-003
1.238968798333704e-003	-1.162687e-003
1.242224006667038e-003	-9.939830e-004
1.245479215000371e-003	-8.107825e-004
1.248734423333705e-003	-6.173998e-004
1.251989631667038e-003	-4.182051e-004
1.255244840000371e-003	-2.175314e-004
1.258500048333705e-003	-1.958628e-005
1.261755256667038e-003	1.716310e-004
1.265010465000372e-003	3.524044e-004
1.268265673333705e-003	5.193681e-004
1.271520881667038e-003	6.695633e-004
1.274776090000372e-003	8.004852e-004
1.278031298333705e-003	9.101180e-004
1.281286506667039e-003	9.969595e-004
1.284541715000372e-003	1.060033e-003
1.287796923333705e-003	1.098890e-003
1.291052131667039e-003	1.113598e-003
1.294307340000372e-003	1.104723e-003
1.297562548333706e-003	1.073299e-003
1.300817756667039e-003	1.020789e-003
1.304072965000372e-003	9.490391e-004
1.307328173333706e-003	8.602289e-004
1.310583381667039e-003	7.568114e-004
1.313838590000373e-003	6.414538e-004
1.317093798333706e-003	5.169745e-004
1.320349006667040e-003	3.862790e-004
1.323604215000373e-003	2.522970e-004
1.326859423333706e-003	1.179205e-004
1.330114631667040e-003	-1.405467e-005
1.333369840000373e-003	-1.409829e-004
1.336625048333707e-003	-2.604184e-004
1.339880256667040e-003	-3.701589e-004
1.343135465000373e-003	-4.682820e-004
1.346390673333707e-003	-5.531749e-004
1.349645881667040e-003	-6.235572e-004
1.352901090000374e-003	-6.784947e-004
1.356156298333707e-003	-7.174067e-004
1.359411506667040e-003	-7.400653e-004
1.362666715000374e-003	-7.465871e-004
1.365921923333707e-003	-7.374186e-004
1.369177131667041e-003	-7.133150e-004
1.372432340000374e-003	-6.753136e-004
1.375687548333707e-003	-6.247018e-004
1.378942756667041e-003	-5.629818e-004
1.382197965000374e-003	-4.918316e-004
1.385453173333708e-003	-4.130639e-004
1.388708381667041e-003	-3.285839e-004
1.391963590000375e-003	-2.403462e-004
1.395218798333708e-003	-1.503128e-004
1.398474006667041e-003	-6.041231e-005
1.401729215000375e-003	2.749904e-005
1.404984423333708e-003	1.116731e-004
1.408239631667042e-003	1.905019e-004
1.411494840000375e-003	2.625464e-004
1.414750048333708e-003	3.265596e-004
1.418005256667042e-003	3.815058e-004
1.421260465000375e-003	4.265742e-004
1.424515673333709e-003	4.611879e-004
1.427770881667042e-003	4.850071e-004
1.431026090000375e-003	4.979277e-004
1.434281298333709e-003	5.000749e-004
1.437536506667042e-003	4.917926e-004
1.440791715000376e-003	4.736281e-004
1.444046923333709e-003	4.463134e-004
1.447302131667042e-003	4.107439e-004
1.450557340000376e-003	3.679533e-004
1.453812548333709e-003	3.190876e-004
1.457067756667043e-003	2.653775e-004
1.460322965000376e-003	2.081092e-004
1.463578173333710e-003	1.485966e-004
1.466833381667043e-003	8.815252e-005
1.470088590000376e-003	2.806181e-005
1.473343798333710e-003	-3.044433e-005
1.476599006667043e-003	-8.621185e-005
1.479854215000377e-003	-1.381850e-004
1.483109423333710e-003	-1.854245e-004
1.486364631667043e-003	-2.271232e-004
1.489619840000377e-003	-2.626175e-004
1.492875048333710e-003	-2.913962e-004
1.496130256667044e-003	-3.131055e-004
1.499385465000377e-003	-3.275507e-004
1.502640673333710e-003	-3.346948e-004
1.505895881667044e-003	-3.346528e-004
1.509151090000377e-003	-3.276846e-004
1.512406298333711e-003	-3.141840e-004
1.515661506667044e-003	-2.946660e-004
1.518916715000377e-003	-2.697513e-004
1.522171923333711e-003	-2.401504e-004
1.525427131667044e-003	-2.066447e-004
1.528682340000378e-003	-1.700688e-004
1.531937548333711e-003	-1.312902e-004
1.535192756667045e-003	-9.119131e-005
1.538447965000378e-003	-5.064964e-005
1.541703173333711e-003	-1.052048e-005
1.544958381667045e-003	2.838034e-005
1.548213590000378e-003	6.529178e-005
1.551468798333712e-003	9.952143e-005
1.554724006667045e-003	1.304573e-004
1.557979215000378e-003	1.575778e-004
1.561234423333712e-003	1.804588e-004
1.564489631667045e-003	1.987796e-004
1.567744840000379e-003	2.123251e-004
1.571000048333712e-003	2.209871e-004
1.574255256667045e-003	2.247623e-004
1.577510465000379e-003	2.237486e-004
1.580765673333712e-003	2.181395e-004
1.584020881667046e-003	2.082168e-004
1.587276090000379e-003	1.943414e-004
1.590531298333712e-003	1.769428e-004
1.593786506667046e-003	1.565084e-004
1.597041715000379e-003	1.335704e-004
1.600296923333713e-003	1.086940e-004
1.603552131667046e-003	8.246390e-005
1.606807340000379e-003	5.547198e-005
1.610062548333713e-003	2.830444e-005
1.613317756667046e-003	1.530002e-006
1.616572965000380e-003	-2.431124e-005
1.619828173333713e-003	-4.871797e-005
1.623083381667047e-003	-7.123663e-005
1.626338590000380e-003	-9.146910e-005
1.629593798333713e-003	-1.090789e-004
1.632849006667047e-003	-1.237961e-004
1.636104215000380e-003	-1.354202e-004
1.639359423333714e-003	-1.438220e-004
1.642614631667047e-003	-1.489437e-004
1.645869840000380e-003	-1.507976e-004
1.649125048333714e-003	-1.494629e-004
1.652380256667047e-003	-1.450823e-004
1.655635465000381e-003	-1.378562e-004
1.658890673333714e-003	-1.280366e-004
1.662145881667047e-003	-1.162109e-004
1.664135513334092e-003	-1.079146e-004
1.666666666666670e-003	-9.623818e-005
1.666667666666670e-003	-9.657070e-005
1.667881673571281e-003	-8.924864e-004
1.669095680475893e-003	-1.669692e-003
1.670309687380504e-003	-2.428189e-003
1.671523694285115e-003	-3.167976e-003
1.672737701189726e-003	-3.889053e-003
1.673951708094338e-003	-4.591421e-003
1.675165714998949e-003	-5.275079e-003
1.678420923332283e-003	-6.978966e-003
1.681676131665616e-003	-8.476976e-003
1.684931339998949e-003	-9.745519e-003
1.688186548332283e-003	-1.076660e-002
1.691441756665616e-003	-1.152801e-002
1.694696964998950e-003	-1.202333e-002
1.697952173332283e-003	-1.225191e-002
1.701207381665616e-003	-1.221862e-002
1.704462589998950e-003	-1.193358e-002
1.707717798332283e-003	-1.141178e-002
1.710973006665617e-003	-1.067255e-002
1.714228214998950e-003	-9.739022e-003
1.717483423332283e-003	-8.637525e-003
1.720738631665617e-003	-7.396915e-003
1.723993839998950e-003	-6.047889e-003
1.727249048332284e-003	-4.622278e-003
1.730504256665617e-003	-3.152355e-003
1.733759464998951e-003	-1.670147e-003
1.737014673332284e-003	-2.067785e-004
1.740269881665617e-003	1.208135e-003
1.743525089998951e-003	2.547049e-003
1.746780298332284e-003	3.784986e-003
1.750035506665618e-003	4.899958e-003
1.753290714998951e-003	5.873314e-003
1.756545923332284e-003	6.690008e-003
1.759801131665618e-003	7.338780e-003
1.763056339998951e-003	7.812250e-003
1.766311548332285e-003	8.106936e-003
1.769566756665618e-003	8.223177e-003
1.772821964998951e-003	8.165000e-003
1.776077173332285e-003	7.939895e-003
1.779332381665618e-003	7.558535e-003
1.782587589998952e-003	7.034448e-003
1.785842798332285e-003	6.383626e-003
1.789098006665618e-003	5.624108e-003
1.792353214998952e-003	4.775535e-003
1.795608423332285e-003	3.858683e-003
1.798863631665619e-003	2.894992e-003
1.802118839998952e-003	1.906100e-003
1.805374048332285e-003	9.133861e-004
1.808629256665619e-003	-6.246174e-005
1.811884464998952e-003	-1.001850e-003
1.815139673332286e-003	-1.886646e-003
1.818394881665619e-003	-2.700501e-003
1.821650089998953e-003	-3.429123e-003
1.824905298332286e-003	-4.060500e-003
1.828160506665619e-003	-4.585068e-003
1.831415714998953e-003	-4.995815e-003
1.834670923332286e-003	-5.288340e-003
1.837926131665620e-003	-5.460849e-003
1.841181339998953e-003	-5.514095e-003
1.844436548332286e-003	-5.451273e-003
1.847691756665620e-003	-5.277867e-003
1.850946964998953e-003	-5.001452e-003
1.854202173332287e-003	-4.631463e-003
1.857457381665620e-003	-4.178929e-003
1.860712589998953e-003	-3.656194e-003
1.863967798332287e-003	-3.076610e-003
1.867223006665620e-003	-2.454222e-003
1.870478214998954e-003	-1.803458e-003
1.873733423332287e-003	-1.138812e-003
1.876988631665620e-003	-4.745431e-004
1.880243839998954e-003	1.756113e-004
1.883499048332287e-003	7.987008e-004
1.886754256665621e-003	1.382802e-003
1.890009464998954e-003	1.917228e-003
1.893264673332288e-003	2.392706e-003
1.896519881665621e-003	2.801517e-003
1.899775089998954e-003	3.137602e-003
1.903030298332288e-003	3.396622e-003
1.906285506665621e-003	3.575994e-003
1.909540714998955e-003	3.674875e-003
1.912795923332288e-003	3.694117e-003
1.916051131665621e-003	3.636194e-003
1.919306339998955e-003	3.505084e-003
1.922561548332288e-003	3.306140e-003
1.925816756665622e-003	3.045924e-003
1.929071964998955e-003	2.732030e-003
1.932327173332288e-003	2.372893e-003
1.935582381665622e-003	1.977575e-003
1.938837589998955e-003	1.555566e-003
1.942092798332289e-003	1.116562e-003
1.945348006665622e-003	6.702649e-004
1.948603214998955e-003	2.261754e-004
1.951858423332289e-003	-2.065925e-004
1.955113631665622e-003	-6.194881e-004
1.958368839998956e-003	-1.004680e-003
1.961624048332289e-003	-1.355193e-003
1.964879256665623e-003	-1.665020e-003
1.968134464998956e-003	-1.929213e-003
1.971389673332289e-003	-2.143950e-003
1.974644881665623e-003	-2.306565e-003
1.977900089998956e-003	-2.415571e-003
1.981155298332290e-003	-2.470644e-003
1.984410506665623e-003	-2.472587e-003
1.987665714998956e-003	-2.423274e-003
1.990920923332290e-003	-2.325573e-003
1.994176131665623e-003	-2.183252e-003
1.997431339998957e-003	-2.000863e-003
2.000686548332290e-003	-1.783626e-003
2.003941756665623e-003	-1.537295e-003
2.007196964998957e-003	-1.268017e-003
2.010452173332290e-003	-9.821935e-004
2.013707381665624e-003	-6.863376e-004
2.016962589998957e-003	-3.869354e-004
2.020217798332290e-003	-9.031279e-005
2.023473006665624e-003	1.974901e-004
2.026728214998957e-003	4.708331e-004
2.029983423332291e-003	7.245788e-004
2.033238631665624e-003	9.541806e-004
2.036493839998957e-003	1.155755e-003
2.039749048332291e-003	1.326141e-003
2.043004256665624e-003	1.462933e-003
2.046259464998958e-003	1.564511e-003
2.049514673332291e-003	1.630042e-003
2.052769881665625e-003	1.659467e-003
2.056025089998958e-003	1.653478e-003
2.059280298332291e-003	1.613477e-003
2.062535506665625e-003	1.541516e-003
2.065790714998958e-003	1.440237e-003
2.069045923332292e-003	1.312793e-003
2.072301131665625e-003	1.162765e-003
2.075556339998958e-003	9.940736e-004
2.078811548332292e-003	8.108825e-004
2.082066756665625e-003	6.175068e-004
2.085321964998959e-003	4.183167e-004
2.088577173332292e-003	2.176451e-004
2.091832381665625e-003	1.969952e-005
2.095087589998959e-003	-1.715204e-004
2.098342798332292e-003	-3.522987e-004
2.101598006665626e-003	-5.192693e-004
2.104853214998959e-003	-6.694732e-004
2.108108423332292e-003	-8.004053e-004
2.111363631665626e-003	-9.100497e-004
2.114618839998959e-003	-9.969036e-004
2.117874048332293e-003	-1.059990e-003
2.121129256665626e-003	-1.098861e-003
2.124384464998960e-003	-1.113583e-003
2.127639673332293e-003	-1.104721e-003
2.130894881665626e-003	-1.073310e-003
2.134150089998960e-003	-1.020812e-003
2.137405298332293e-003	-9.490743e-004
2.140660506665627e-003	-8.602745e-004
2.143915714998960e-003	-7.568659e-004
2.147170923332293e-003	-6.415159e-004
2.150426131665627e-003	-5.170426e-004
2.153681339998960e-003	-3.863515e-004
2.156936548332294e-003	-2.523722e-004
2.160191756665627e-003	-1.179967e-004
2.163446964998960e-003	1.397901e-005
2.166702173332294e-003	1.409093e-004
2.169957381665627e-003	2.603484e-004
2.173212589998961e-003	3.700938e-004
2.176467798332294e-003	4.682229e-004
2.179723006665627e-003	5.531229e-004
2.182978214998961e-003	6.235131e-004
2.186233423332294e-003	6.784591e-004
2.189488631665628e-003	7.173801e-004
2.192743839998961e-003	7.400478e-004
2.195999048332295e-003	7.465788e-004
2.199254256665628e-003	7.374194e-004
2.202509464998961e-003	7.133245e-004
2.205764673332295e-003	6.753312e-004
2.209019881665628e-003	6.247270e-004
2.212275089998962e-003	5.630137e-004
2.215530298332295e-003	4.918693e-004
2.218785506665628e-003	4.131065e-004
2.222040714998962e-003	3.286303e-004
2.225295923332295e-003	2.403952e-004
2.228551131665629e-003	1.503634e-004
2.231806339998962e-003	6.046343e-005
2.235061548332295e-003	-2.744852e-005
2.238316756665629e-003	-1.116242e-004
2.241571964998962e-003	-1.904556e-004
2.244827173332296e-003	-2.625036e-004
2.248082381665629e-003	-3.265210e-004
2.251337589998962e-003	-3.814720e-004
2.254592798332296e-003	-4.265458e-004
2.257848006665629e-003	-4.611653e-004
2.261103214998963e-003	-4.849905e-004
2.264358423332296e-003	-4.979172e-004
2.267613631665629e-003	-5.000706e-004
2.270868839998963e-003	-4.917943e-004
2.274124048332296e-003	-4.736356e-004
2.277379256665630e-003	-4.463263e-004
2.280634464998963e-003	-4.107617e-004
2.283889673332297e-003	-3.679755e-004
2.287144881665630e-003	-3.191137e-004
2.290400089998963e-003	-2.654066e-004
2.293655298332297e-003	-2.081407e-004
2.296910506665630e-003	-1.486298e-004
2.300165714998964e-003	-8.818660e-005
2.303420923332297e-003	-2.809605e-005
2.306676131665630e-003	3.041063e-005
2.309931339998964e-003	8.617937e-005
2.313186548332297e-003	1.381544e-004
2.316441756665631e-003	1.853964e-004
2.319696964998964e-003	2.270980e-004
2.322952173332297e-003	2.625956e-004
2.326207381665631e-003	2.913779e-004
2.329462589998964e-003	3.130911e-004
2.332717798332298e-003	3.275405e-004
2.335973006665631e-003	3.346886e-004
2.339228214998964e-003	3.346507e-004
2.342483423332298e-003	3.276865e-004
2.345738631665631e-003	3.141898e-004
2.348993839998965e-003	2.946753e-004
2.352249048332298e-003	2.697640e-004
2.355504256665632e-003	2.401659e-004
2.358759464998965e-003	2.066627e-004
2.362014673332298e-003	1.700887e-004
2.365269881665632e-003	1.313116e-004
2.368525089998965e-003	9.121371e-005
2.371780298332299e-003	5.067256e-005
2.375035506665632e-003	1.054340e-005
2.378290714998965e-003	-2.835789e-005
2.381545923332299e-003	-6.527024e-005
2.384801131665632e-003	-9.950122e-005
2.388056339998966e-003	-1.304388e-004
2.391311548332299e-003	-1.575613e-004
2.394566756665632e-003	-1.804446e-004
2.397821964998966e-003	-1.987678e-004
2.401077173332299e-003	-2.123161e-004
2.404332381665633e-003	-2.209808e-004
2.407587589998966e-003	-2.247588e-004
2.410842798332299e-003	-2.237478e-004
2.414098006665633e-003	-2.181414e-004
2.417353214998966e-003	-2.082212e-004
2.420608423332300e-003	-1.943481e-004
2.423863631665633e-003	-1.769517e-004
2.427118839998967e-003	-1.565191e-004
2.430374048332300e-003	-1.335827e-004
2.433629256665633e-003	-1.087075e-004
2.436884464998967e-003	-8.247841e-005
2.440139673332300e-003	-5.548710e-005
2.443394881665634e-003	-2.831983e-005
2.446650089998967e-003	-1.545327e-006
2.449905298332300e-003	2.429629e-005
2.453160506665634e-003	4.870369e-005
2.456415714998967e-003	7.122330e-005
2.459670923332301e-003	9.145695e-005
2.462926131665634e-003	1.090682e-004
2.466181339998967e-003	1.237869e-004
2.469436548332301e-003	1.354127e-004
2.472691756665634e-003	1.438163e-004
2.475946964998968e-003	1.489399e-004
2.479202173332301e-003	1.507956e-004
2.482457381665634e-003	1.494628e-004
2.485712589998968e-003	1.450839e-004
2.488967798332301e-003	1.378595e-004
2.492223006665635e-003	1.280415e-004
2.495478214998968e-003	1.162169e-004
2.497465846664600e-003	1.079303e-004
2.500001000000003e-003	9.623651e-005
2.500002000000003e-003	9.656903e-005
2.501216006905020e-003	8.924848e-004
2.502430013810038e-003	1.669691e-003
2.503644020715055e-003	2.428187e-003
2.504858027620072e-003	3.167975e-003
2.506072034525089e-003	3.889052e-003
2.507286041430107e-003	4.591420e-003
2.508500048335124e-003	5.275078e-003
2.511755256668457e-003	6.978964e-003
2.515010465001791e-003	8.476975e-003
2.518265673335124e-003	9.745519e-003
2.521520881668458e-003	1.076660e-002
2.524776090001791e-003	1.152801e-002
2.528031298335124e-003	1.202333e-002
2.531286506668458e-003	1.225191e-002
2.534541715001791e-003	1.221862e-002
2.537796923335125e-003	1.193358e-002
2.541052131668458e-003	1.141179e-002
2.544307340001792e-003	1.067255e-002
2.547562548335125e-003	9.739023e-003
2.550817756668458e-003	8.637526e-003
2.554072965001792e-003	7.396916e-003
2.557328173335125e-003	6.047890e-003
2.560583381668459e-003	4.622279e-003
2.563838590001792e-003	3.152356e-003
2.567093798335125e-003	1.670148e-003
2.570349006668459e-003	2.067796e-004
2.573604215001792e-003	-1.208134e-003
2.576859423335126e-003	-2.547048e-003
2.580114631668459e-003	-3.784985e-003
2.583369840001792e-003	-4.899957e-003
2.586625048335126e-003	-5.873313e-003
2.589880256668459e-003	-6.690008e-003
2.593135465001793e-003	-7.338780e-003
2.596390673335126e-003	-7.812250e-003
2.599645881668459e-003	-8.106936e-003
2.602901090001793e-003	-8.223177e-003
2.606156298335126e-003	-8.165000e-003
2.609411506668460e-003	-7.939895e-003
2.612666715001793e-003	-7.558535e-003
2.615921923335127e-003	-7.034448e-003
2.619177131668460e-003	-6.383626e-003
2.622432340001793e-003	-5.624108e-003
2.625687548335127e-003	-4.775536e-003
2.628942756668460e-003	-3.858684e-003
2.632197965001794e-003	-2.894993e-003
2.635453173335127e-003	-1.906101e-003
2.638708381668460e-003	-9.133869e-004
2.641963590001794e-003	6.246101e-005
2.645218798335127e-003	1.001849e-003
2.648474006668461e-003	1.886645e-003
2.651729215001794e-003	2.700500e-003
2.654984423335127e-003	3.429122e-003
2.658239631668461e-003	4.060500e-003
2.661494840001794e-003	4.585068e-003
2.664750048335128e-003	4.995815e-003
2.668005256668461e-003	5.288340e-003
2.671260465001794e-003	5.460849e-003
2.674515673335128e-003	5.514095e-003
2.677770881668461e-003	5.451273e-003
2.681026090001795e-003	5.277868e-003
2.684281298335128e-003	5.001453e-003
2.687536506668461e-003	4.631463e-003
2.690791715001795e-003	4.178930e-003
2.694046923335128e-003	3.656195e-003
2.697302131668462e-003	3.076611e-003
2.700557340001795e-003	2.454223e-003
2.703812548335129e-003	1.803459e-003
2.707067756668462e-003	1.138813e-003
2.710322965001795e-003	4.745437e-004
2.713578173335129e-003	-1.756108e-004
2.716833381668462e-003	-7.987003e-004
2.720088590001796e-003	-1.382801e-003
2.723343798335129e-003	-1.917228e-003
2.726599006668462e-003	-2.392706e-003
2.729854215001796e-003	-2.801517e-003
2.733109423335129e-003	-3.137602e-003
2.736364631668463e-003	-3.396622e-003
2.739619840001796e-003	-3.575994e-003
2.742875048335129e-003	-3.674875e-003
2.746130256668463e-003	-3.694118e-003
2.749385465001796e-003	-3.636194e-003
2.752640673335130e-003	-3.505084e-003
2.755895881668463e-003	-3.306140e-003
2.759151090001796e-003	-3.045924e-003
2.762406298335130e-003	-2.732031e-003
2.765661506668463e-003	-2.372893e-003
2.768916715001797e-003	-1.977576e-003
2.772171923335130e-003	-1.555566e-003
2.775427131668464e-003	-1.116563e-003
2.778682340001797e-003	-6.702653e-004
2.781937548335130e-003	-2.261758e-004
2.785192756668464e-003	2.065922e-004
2.788447965001797e-003	6.194878e-004
2.791703173335131e-003	1.004680e-003
2.794958381668464e-003	1.355192e-003
2.798213590001797e-003	1.665019e-003
2.801468798335131e-003	1.929213e-003
2.804724006668464e-003	2.143950e-003
2.807979215001798e-003	2.306565e-003
2.811234423335131e-003	2.415571e-003
2.814489631668464e-003	2.470644e-003
2.817744840001798e-003	2.472587e-003
2.821000048335131e-003	2.423274e-003
2.824255256668465e-003	2.325574e-003
2.827510465001798e-003	2.183252e-003
2.830765673335131e-003	2.000863e-003
2.834020881668465e-003	1.783627e-003
2.837276090001798e-003	1.537295e-003
2.840531298335132e-003	1.268017e-003
2.843786506668465e-003	9.821939e-004
2.847041715001799e-003	6.863379e-004
2.850296923335132e-003	3.869357e-004
2.853552131668465e-003	9.031303e-005
2.856807340001799e-003	-1.974898e-004
2.860062548335132e-003	-4.708329e-004
2.863317756668466e-003	-7.245786e-004
2.866572965001799e-003	-9.541805e-004
2.869828173335132e-003	-1.155755e-003
2.873083381668466e-003	-1.326141e-003
2.876338590001799e-003	-1.462933e-003
2.879593798335133e-003	-1.564511e-003
2.882849006668466e-003	-1.630042e-003
2.886104215001799e-003	-1.659467e-003
2.889359423335133e-003	-1.653478e-003
2.892614631668466e-003	-1.613477e-003
2.895869840001800e-003	-1.541516e-003
2.899125048335133e-003	-1.440237e-003
2.902380256668466e-003	-1.312793e-003
2.905635465001800e-003	-1.162766e-003
2.908890673335133e-003	-9.940738e-004
2.912145881668467e-003	-8.108827e-004
2.915401090001800e-003	-6.175070e-004
2.918656298335133e-003	-4.183168e-004
2.921911506668467e-003	-2.176452e-004
2.925166715001800e-003	-1.969967e-005
2.928421923335134e-003	1.715203e-004
2.931677131668467e-003	3.522986e-004
2.934932340001801e-003	5.192692e-004
2.938187548335134e-003	6.694731e-004
2.941442756668467e-003	8.004053e-004
2.944697965001801e-003	9.100497e-004
2.947953173335134e-003	9.969036e-004
2.951208381668468e-003	1.059990e-003
2.954463590001801e-003	1.098861e-003
2.957718798335134e-003	1.113583e-003
2.960974006668468e-003	1.104721e-003
2.964229215001801e-003	1.073310e-003
2.967484423335135e-003	1.020813e-003
2.970739631668468e-003	9.490745e-004
2.973994840001801e-003	8.602746e-004
2.977250048335135e-003	7.568661e-004
2.980505256668468e-003	6.415161e-004
2.983760465001802e-003	5.170428e-004
2.987015673335135e-003	3.863517e-004
2.990270881668468e-003	2.523723e-004
2.993526090001802e-003	1.179968e-004
2.996781298335135e-003	-1.397890e-005
3.000036506668469e-003	-1.409092e-004
3.003291715001802e-003	-2.603484e-004
3.006546923335136e-003	-3.700937e-004
3.009802131668469e-003	-4.682228e-004
3.013057340001802e-003	-5.531228e-004
3.016312548335136e-003	-6.235130e-004
3.019567756668469e-003	-6.784591e-004
3.022822965001803e-003	-7.173801e-004
3.026078173335136e-003	-7.400478e-004
3.029333381668469e-003	-7.465789e-004
3.032588590001803e-003	-7.374194e-004
3.035843798335136e-003	-7.133245e-004
3.039099006668470e-003	-6.753313e-004
3.042354215001803e-003	-6.247271e-004
3.045609423335136e-003	-5.630138e-004
3.048864631668470e-003	-4.918695e-004
3.052119840001803e-003	-4.131066e-004
3.055375048335137e-003	-3.286303e-004
3.058630256668470e-003	-2.403953e-004
3.061885465001803e-003	-1.503635e-004
3.065140673335137e-003	-6.046350e-005
3.068395881668470e-003	2.744846e-005
3.071651090001804e-003	1.116241e-004
3.074906298335137e-003	1.904556e-004
3.078161506668471e-003	2.625035e-004
3.081416715001804e-003	3.265209e-004
3.084671923335137e-003	3.814720e-004
3.087927131668471e-003	4.265458e-004
3.091182340001804e-003	4.611653e-004
3.094437548335138e-003	4.849905e-004
3.097692756668471e-003	4.979172e-004
3.100947965001804e-003	5.000706e-004
3.104203173335138e-003	4.917944e-004
3.107458381668471e-003	4.736356e-004
3.110713590001805e-003	4.463264e-004
3.113968798335138e-003	4.107618e-004
3.117224006668471e-003	3.679756e-004
3.120479215001805e-003	3.191137e-004
3.123734423335138e-003	2.654066e-004
3.126989631668472e-003	2.081408e-004
3.130244840001805e-003	1.486298e-004
3.133500048335138e-003	8.818665e-005
3.136755256668472e-003	2.809610e-005
3.140010465001805e-003	-3.041059e-005
3.143265673335139e-003	-8.617934e-005
3.146520881668472e-003	-1.381543e-004
3.149776090001806e-003	-1.853963e-004
3.153031298335139e-003	-2.270979e-004
3.156286506668472e-003	-2.625955e-004
3.159541715001806e-003	-2.913779e-004
3.162796923335139e-003	-3.130911e-004
3.166052131668473e-003	-3.275405e-004
3.169307340001806e-003	-3.346887e-004
3.172562548335139e-003	-3.346508e-004
3.175817756668473e-003	-3.276866e-004
3.179072965001806e-003	-3.141898e-004
3.182328173335140e-003	-2.946754e-004
3.185583381668473e-003	-2.697640e-004
3.188838590001806e-003	-2.401659e-004
3.192093798335140e-003	-2.066627e-004
3.195349006668473e-003	-1.700887e-004
3.198604215001807e-003	-1.313117e-004
3.201859423335140e-003	-9.121375e-005
3.205114631668473e-003	-5.067259e-005
3.208369840001807e-003	-1.054343e-005
3.211625048335140e-003	2.835786e-005
3.214880256668474e-003	6.527022e-005
3.218135465001807e-003	9.950119e-005
3.221390673335140e-003	1.304388e-004
3.224645881668474e-003	1.575612e-004
3.227901090001807e-003	1.804446e-004
3.231156298335141e-003	1.987678e-004
3.234411506668474e-003	2.123161e-004
3.237666715001808e-003	2.209808e-004
3.240921923335141e-003	2.247588e-004
3.244177131668474e-003	2.237478e-004
3.247432340001808e-003	2.181414e-004
3.250687548335141e-003	2.082212e-004
3.253942756668475e-003	1.943481e-004
3.257197965001808e-003	1.769517e-004
3.260453173335141e-003	1.565191e-004
3.263708381668475e-003	1.335827e-004
3.266963590001808e-003	1.087076e-004
3.270218798335142e-003	8.247844e-005
3.273474006668475e-003	5.548713e-005
3.276729215001808e-003	2.831985e-005
3.279984423335142e-003	1.545348e-006
3.283239631668475e-003	-2.429627e-005
3.286494840001809e-003	-4.870368e-005
3.289750048335142e-003	-7.122329e-005
3.293005256668475e-003	-9.145695e-005
3.296260465001809e-003	-1.090682e-004
3.299515673335142e-003	-1.237869e-004
3.302770881668476e-003	-1.354127e-004
3.306026090001809e-003	-1.438163e-004
3.309281298335143e-003	-1.489399e-004
3.312536506668476e-003	-1.507956e-004
3.315791715001809e-003	-1.494628e-004
3.319046923335143e-003	-1.450839e-004
3.322302131668476e-003	-1.378595e-004
3.325557340001810e-003	-1.280415e-004
3.328812548335143e-003	-1.162172e-004
3.330802180003613e-003	-1.079216e-004
3.333332333333330e-003	-9.625092e-005
3.333333333333330e-003	-9.624611e-005
